0,010  0,00  1,91
0,020  0,00  2,38
0,030  0,00  2,89
0,040  0,00  3,32
0,050  0,00  3,73
0,060  0,00  4,15
0,070  0,00  4,61
0,080  0,00  5,03
0,090  0,00  5,48
0,100  0,00  5,97
0,110  0,00  6,43
0,120  0,00  6,96
0,130  0,00  7,44
0,140  0,00  8,03
0,150  0,00  8,61
0,160  0,00  9,26
0,170  0,00  9,91
0,180  0,00  10,61
0,190  0,00  11,41
0,200  0,00  12,17
0,210  0,00  13,02
0,220  0,00  13,99
0,230  0,00  14,92
0,240  0,00  16,03
0,250  0,00  17,18
0,260  0,00  18,47
0,270  0,00  19,76
0,280  0,00  21,27
0,290  0,00  22,99
0,300  0,00  24,71
0,310  0,00  26,73
0,320  0,00  28,86
0,330  0,00  31,46
0,340  0,00  33,91
0,350  0,00  37,19
0,360  0,00  40,40
0,370  0,00  44,09
0,380  0,00  48,63
0,390  0,00  53,79
0,400  0,00  59,18
0,410  0,00  65,80
0,420  0,00  73,74
0,430  0,00  82,21
0,440  0,00  93,00
0,450  0,00  105,30
0,460  0,00  120,51
0,470  0,00  138,35
0,480  0,00  160,99
0,490  0,00  189,80
0,500  0,00  225,18
0,510  0,00  270,97
0,520  0,00  334,00
0,530  0,00  419,68
0,540  0,00  533,59
0,550  0,01  700,42
0,560  0,03  943,86
0,570  0,09  1298,35
0,580  0,23  1831,47
0,590  0,43  2493,54
0,593  0,51  2728,93
0,600  0,67  3311,46
0,610  0,86  4127,74
0,620  0,95  4835,34
0,630  0,99  5343,83
0,640  1,00  5703,01
0,650  1,00  5978,08
0,660  1,00  6192,79
0,670  1,00  6378,39
0,680  1,00  6542,21
0,690  1,00  6691,77
0,700  1,00  6830,02
0,710  1,00  6961,82
0,720  1,00  7085,69
0,730  1,00  7206,68
0,740  1,00  7323,01
0,750  1,00  7436,99
0,760  1,00  7547,25
0,770  1,00  7656,86
0,780  1,00  7765,48
0,790  1,00  7872,02
0,800  1,00  7977,18
0,810  1,00  8081,13
0,820  1,00  8185,34
0,830  1,00  8288,03
0,840  1,00  8390,99
0,850  1,00  8492,12
0,860  1,00  8594,86
0,870  1,00  8695,87
0,880  1,00  8797,03
0,890  1,00  8898,27
0,900  1,00  8998,51
0,910  1,00  9098,85
0,920  1,00  9199,25
0,930  1,00  9299,82
0,940  1,00  9399,33
0,950  1,00  9499,85
0,960  1,00  9599,86
0,970  1,00  9699,84
0,980  1,00  9800,20
0,990  1,00  9900,06
1,000  1,00  10000,00
