1  3250813,00
2  835849,00
3  525887,00
4  355725,00
5  258770,00
6  197085,00
7  155186,00
8  127315,00
9  106012,00
10  89803,00
11  76906,00
12  67149,00
13  59295,00
14  52808,00
15  46845,00
16  42021,00
17  38032,00
18  34620,00
19  31991,00
20  29383,00
21  26998,00
22  24620,00
23  23116,00
24  21415,00
25  19900,00
26  18397,00
27  17419,00
28  16277,00
29  15346,00
30  14363,00
31  13574,00
32  12761,00
33  12182,00
34  11550,00
35  10971,00
36  10121,00
37  9688,00
38  9544,00
39  8743,00
40  8356,00
41  8258,00
42  7607,00
43  7411,00
44  7228,00
45  6861,00
46  6478,00
47  6138,00
48  6006,00
49  5735,00
50  5442,00
51  5237,00
52  5143,00
53  4882,00
54  4734,00
55  4524,00
56  4312,00
57  4190,00
58  4149,00
59  4074,00
60  3684,00
61  3639,00
62  3446,00
63  3409,00
64  3344,00
65  3195,00
66  3079,00
67  2874,00
68  2868,00
69  2836,00
70  2738,00
71  2615,00
72  2597,00
73  2448,00
74  2392,00
75  2306,00
76  2275,00
77  2151,00
78  2086,00
79  2079,00
80  2031,00
81  1951,00
82  1899,00
83  1820,00
84  1751,00
85  1700,00
86  1738,00
87  1630,00
88  1536,00
89  1576,00
90  1500,00
91  1508,00
92  1420,00
93  1330,00
94  1329,00
95  1309,00
96  1259,00
97  1203,00
98  1239,00
99  1140,00
100  1199,00
101  1107,00
102  1050,00
103  1090,00
104  1021,00
105  1012,00
106  976,00
107  936,00
108  943,00
109  930,00
110  822,00
111  914,00
112  835,00
113  821,00
114  805,00
115  843,00
116  765,00
117  736,00
118  758,00
119  772,00
120  704,00
121  737,00
122  678,00
123  693,00
124  621,00
125  586,00
126  575,00
127  587,00
128  581,00
129  577,00
130  570,00
131  554,00
132  532,00
133  555,00
134  510,00
135  501,00
136  493,00
137  496,00
138  487,00
139  432,00
140  503,00
141  413,00
142  444,00
143  433,00
144  405,00
145  404,00
146  431,00
147  400,00
148  398,00
149  362,00
150  370,00
151  349,00
152  336,00
153  362,00
154  327,00
155  342,00
156  292,00
157  308,00
158  306,00
159  312,00
160  271,00
161  270,00
162  292,00
163  279,00
164  282,00
165  265,00
166  263,00
167  238,00
168  262,00
169  236,00
170  231,00
171  216,00
172  218,00
173  207,00
174  243,00
175  218,00
176  223,00
177  225,00
178  204,00
179  228,00
180  232,00
181  185,00
182  208,00
183  171,00
184  162,00
185  191,00
186  208,00
187  187,00
188  173,00
189  168,00
190  183,00
191  144,00
192  149,00
193  144,00
194  142,00
195  153,00
196  161,00
197  147,00
198  155,00
199  152,00
200  143,00
201  141,00
202  134,00
203  112,00
204  145,00
205  123,00
206  116,00
207  104,00
208  114,00
209  116,00
210  118,00
211  110,00
212  119,00
213  102,00
214  106,00
215  95,00
216  109,00
217  128,00
218  106,00
219  94,00
220  86,00
221  91,00
222  96,00
223  81,00
224  111,00
225  97,00
226  74,00
227  82,00
228  82,00
229  69,00
230  90,00
231  77,00
232  78,00
233  73,00
234  72,00
235  53,00
236  80,00
237  63,00
238  61,00
239  73,00
240  68,00
241  51,00
242  76,00
243  59,00
244  53,00
245  51,00
246  50,00
247  58,00
248  49,00
249  52,00
250  47,00
251  36,00
252  62,00
253  37,00
254  48,00
255  46,00
256  45,00
257  39,00
258  55,00
259  41,00
260  51,00
261  49,00
262  46,00
263  37,00
264  47,00
265  44,00
266  44,00
267  45,00
268  47,00
269  41,00
270  31,00
271  41,00
272  32,00
273  33,00
274  43,00
275  27,00
276  34,00
277  40,00
278  40,00
279  36,00
280  33,00
281  40,00
282  31,00
283  36,00
284  26,00
285  26,00
286  30,00
287  29,00
288  33,00
289  40,00
290  35,00
291  27,00
292  32,00
293  22,00
294  25,00
295  28,00
296  31,00
297  30,00
298  24,00
299  17,00
300  21,00
301  22,00
302  18,00
303  19,00
304  21,00
305  25,00
306  17,00
307  18,00
308  18,00
309  18,00
310  20,00
311  27,00
312  16,00
313  19,00
314  22,00
315  20,00
316  20,00
317  23,00
318  16,00
319  10,00
320  15,00
321  18,00
322  16,00
323  14,00
324  19,00
325  16,00
326  13,00
327  14,00
328  11,00
329  14,00
330  15,00
331  20,00
332  14,00
333  10,00
334  11,00
335  13,00
336  14,00
337  10,00
338  11,00
339  23,00
340  10,00
341  7,00
342  10,00
343  16,00
344  14,00
345  11,00
346  10,00
347  13,00
348  12,00
349  7,00
350  11,00
351  7,00
352  11,00
353  5,00
354  6,00
355  17,00
356  9,00
357  8,00
358  10,00
359  5,00
360  15,00
361  10,00
362  7,00
363  6,00
364  4,00
365  10,00
366  12,00
367  6,00
368  8,00
369  10,00
370  10,00
371  7,00
372  5,00
373  5,00
374  6,00
375  5,00
376  6,00
377  11,00
378  3,00
379  9,00
380  4,00
381  5,00
382  9,00
383  9,00
384  2,00
385  8,00
386  5,00
387  4,00
388  4,00
389  10,00
390  6,00
391  6,00
392  5,00
393  7,00
394  2,00
395  5,00
396  10,00
397  5,00
398  9,00
399  4,00
400  2,00
401  4,00
402  8,00
403  7,00
404  7,00
405  8,00
406  5,00
407  3,00
408  4,00
409  1,00
410  3,00
411  3,00
412  4,00
413  5,00
414  1,00
415  1,00
416  5,00
417  7,00
418  1,00
419  4,00
420  7,00
421  3,00
422  3,00
423  4,00
425  5,00
426  3,00
428  4,00
429  2,00
430  3,00
431  5,00
433  2,00
435  2,00
436  2,00
437  2,00
438  1,00
439  2,00
440  3,00
441  4,00
443  3,00
444  4,00
445  6,00
446  3,00
447  4,00
451  6,00
452  1,00
453  2,00
454  3,00
456  3,00
457  2,00
458  2,00
459  1,00
460  2,00
461  2,00
462  2,00
463  2,00
464  5,00
467  3,00
468  1,00
469  2,00
470  1,00
471  1,00
472  3,00
473  1,00
475  1,00
476  1,00
477  1,00
480  3,00
481  2,00
482  3,00
483  1,00
484  1,00
485  1,00
486  1,00
487  3,00
488  2,00
491  2,00
496  2,00
498  2,00
499  2,00
501  1,00
503  2,00
505  1,00
507  3,00
508  1,00
509  1,00
510  1,00
511  1,00
515  2,00
518  2,00
519  1,00
520  1,00
521  1,00
522  1,00
523  1,00
524  1,00
525  2,00
526  1,00
527  1,00
530  1,00
531  3,00
534  3,00
536  1,00
541  1,00
542  1,00
547  3,00
550  1,00
551  2,00
552  1,00
555  1,00
559  2,00
563  1,00
568  2,00
572  2,00
575  1,00
578  1,00
583  1,00
584  2,00
595  1,00
597  1,00
601  1,00
602  1,00
609  1,00
617  1,00
619  1,00
625  1,00
626  1,00
633  1,00
644  1,00
660  1,00
663  1,00
676  1,00
700  1,00
749  1,00
