1  622661,00
2  89038,00
3  45053,00
4  25648,00
5  15678,00
6  10380,00
7  7312,00
8  5153,00
9  4023,00
10  3109,00
11  2404,00
12  1832,00
13  1559,00
14  1293,00
15  1069,00
16  903,00
17  833,00
18  676,00
19  576,00
20  487,00
21  457,00
22  384,00
23  360,00
24  281,00
25  263,00
26  232,00
27  221,00
28  216,00
29  196,00
30  176,00
31  153,00
32  149,00
33  121,00
34  130,00
35  107,00
36  98,00
37  92,00
38  82,00
39  77,00
40  74,00
41  75,00
42  65,00
43  53,00
44  51,00
45  49,00
46  45,00
47  55,00
48  42,00
49  44,00
50  33,00
51  40,00
52  36,00
53  28,00
54  24,00
55  21,00
56  28,00
57  21,00
58  23,00
59  18,00
60  14,00
61  22,00
62  16,00
63  21,00
64  13,00
65  17,00
66  13,00
67  15,00
68  15,00
69  16,00
70  11,00
71  13,00
72  15,00
73  13,00
74  11,00
75  11,00
76  9,00
77  10,00
78  7,00
79  12,00
80  9,00
81  6,00
82  8,00
83  6,00
84  4,00
85  11,00
86  5,00
87  8,00
88  5,00
89  6,00
90  3,00
91  4,00
92  6,00
93  5,00
94  9,00
95  8,00
96  2,00
97  8,00
98  3,00
99  2,00
100  3,00
101  3,00
102  2,00
103  7,00
104  5,00
105  4,00
106  4,00
107  5,00
108  4,00
109  1,00
110  2,00
111  3,00
112  4,00
113  1,00
114  1,00
115  3,00
116  2,00
117  4,00
118  4,00
119  3,00
120  1,00
121  1,00
123  3,00
124  3,00
125  2,00
126  3,00
129  1,00
130  2,00
131  2,00
132  1,00
133  1,00
134  2,00
135  2,00
136  2,00
137  1,00
139  4,00
141  1,00
142  2,00
143  3,00
144  1,00
145  1,00
146  2,00
148  1,00
149  1,00
151  1,00
153  1,00
154  2,00
156  2,00
157  4,00
159  2,00
160  1,00
168  2,00
169  1,00
170  2,00
172  1,00
173  1,00
176  2,00
179  1,00
183  2,00
187  1,00
188  2,00
190  3,00
191  1,00
192  1,00
196  2,00
197  1,00
199  2,00
205  1,00
208  1,00
213  1,00
219  1,00
224  1,00
234  1,00
237  1,00
242  1,00
276  2,00
287  1,00
301  1,00
310  1,00
317  1,00
427  1,00
6418  1,00
6421  1,00
6429  1,00
6438  1,00
6451  1,00
6469  1,00
6483  1,00
6486  1,00
6490  2,00
6497  1,00
6503  1,00
6514  1,00
6522  1,00
6524  1,00
6530  1,00
6535  1,00
6537  1,00
6538  1,00
6542  1,00
6543  1,00
6548  1,00
6551  1,00
6554  1,00
6562  1,00
6564  1,00
6566  3,00
6568  2,00
6569  2,00
6572  1,00
6574  1,00
6577  1,00
6578  2,00
6580  2,00
6582  1,00
6583  1,00
6585  2,00
6587  1,00
6588  1,00
6590  2,00
6591  1,00
6592  2,00
6593  2,00
6595  1,00
6596  1,00
6597  1,00
6598  1,00
6599  1,00
6600  1,00
6602  1,00
6603  1,00
6606  2,00
6607  1,00
6608  2,00
6610  2,00
6612  3,00
6613  2,00
6615  3,00
6616  2,00
6617  1,00
6619  3,00
6620  3,00
6622  4,00
6624  2,00
6626  2,00
6627  3,00
6628  2,00
6629  5,00
6630  2,00
6631  3,00
6632  3,00
6633  3,00
6634  2,00
6635  2,00
6636  1,00
6637  2,00
6638  3,00
6639  5,00
6640  3,00
6641  4,00
6642  2,00
6643  7,00
6644  3,00
6645  3,00
6646  2,00
6647  1,00
6648  1,00
6649  1,00
6650  2,00
6651  4,00
6652  6,00
6653  4,00
6654  1,00
6655  2,00
6656  4,00
6657  6,00
6658  6,00
6659  4,00
6660  8,00
6661  6,00
6662  6,00
6663  3,00
6664  6,00
6665  2,00
6666  1,00
6667  4,00
6668  6,00
6669  6,00
6670  5,00
6671  6,00
6672  9,00
6673  5,00
6674  6,00
6675  4,00
6676  6,00
6677  8,00
6678  4,00
6679  4,00
6680  6,00
6681  6,00
6682  8,00
6683  11,00
6684  8,00
6685  6,00
6686  10,00
6687  4,00
6688  6,00
6689  9,00
6690  8,00
6691  15,00
6692  12,00
6693  13,00
6694  7,00
6695  6,00
6696  10,00
6697  12,00
6698  10,00
6699  12,00
6700  11,00
6701  11,00
6702  15,00
6703  8,00
6704  7,00
6705  11,00
6706  11,00
6707  9,00
6708  15,00
6709  7,00
6710  14,00
6711  17,00
6712  13,00
6713  12,00
6714  19,00
6715  18,00
6716  13,00
6717  14,00
6718  13,00
6719  14,00
6720  16,00
6721  20,00
6722  12,00
6723  14,00
6724  19,00
6725  19,00
6726  14,00
6727  12,00
6728  17,00
6729  21,00
6730  23,00
6731  17,00
6732  30,00
6733  22,00
6734  16,00
6735  22,00
6736  26,00
6737  18,00
6738  18,00
6739  16,00
6740  19,00
6741  23,00
6742  17,00
6743  25,00
6744  30,00
6745  30,00
6746  30,00
6747  18,00
6748  25,00
6749  27,00
6750  23,00
6751  24,00
6752  24,00
6753  29,00
6754  22,00
6755  26,00
6756  30,00
6757  28,00
6758  36,00
6759  21,00
6760  27,00
6761  25,00
6762  38,00
6763  37,00
6764  36,00
6765  27,00
6766  35,00
6767  29,00
6768  40,00
6769  43,00
6770  34,00
6771  35,00
6772  25,00
6773  36,00
6774  24,00
6775  35,00
6776  31,00
6777  54,00
6778  35,00
6779  48,00
6780  39,00
6781  36,00
6782  40,00
6783  41,00
6784  31,00
6785  42,00
6786  35,00
6787  40,00
6788  39,00
6789  55,00
6790  44,00
6791  40,00
6792  36,00
6793  42,00
6794  52,00
6795  45,00
6796  53,00
6797  40,00
6798  34,00
6799  53,00
6800  54,00
6801  49,00
6802  46,00
6803  54,00
6804  59,00
6805  64,00
6806  54,00
6807  45,00
6808  54,00
6809  48,00
6810  64,00
6811  52,00
6812  61,00
6813  44,00
6814  49,00
6815  59,00
6816  56,00
6817  51,00
6818  48,00
6819  48,00
6820  58,00
6821  56,00
6822  61,00
6823  62,00
6824  48,00
6825  54,00
6826  46,00
6827  50,00
6828  58,00
6829  52,00
6830  64,00
6831  45,00
6832  59,00
6833  51,00
6834  70,00
6835  42,00
6836  59,00
6837  54,00
6838  61,00
6839  58,00
6840  45,00
6841  61,00
6842  58,00
6843  60,00
6844  52,00
6845  50,00
6846  66,00
6847  56,00
6848  47,00
6849  59,00
6850  64,00
6851  62,00
6852  52,00
6853  59,00
6854  55,00
6855  52,00
6856  57,00
6857  78,00
6858  59,00
6859  58,00
6860  58,00
6861  47,00
6862  40,00
6863  45,00
6864  61,00
6865  58,00
6866  59,00
6867  61,00
6868  52,00
6869  51,00
6870  50,00
6871  44,00
6872  38,00
6873  54,00
6874  47,00
6875  49,00
6876  42,00
6877  52,00
6878  47,00
6879  39,00
6880  57,00
6881  58,00
6882  41,00
6883  54,00
6884  43,00
6885  38,00
6886  43,00
6887  37,00
6888  50,00
6889  42,00
6890  48,00
6891  35,00
6892  42,00
6893  35,00
6894  32,00
6895  28,00
6896  38,00
6897  38,00
6898  26,00
6899  38,00
6900  36,00
6901  34,00
6902  43,00
6903  30,00
6904  30,00
6905  32,00
6906  33,00
6907  38,00
6908  33,00
6909  38,00
6910  34,00
6911  32,00
6912  29,00
6913  32,00
6914  36,00
6915  33,00
6916  34,00
6917  28,00
6918  30,00
6919  28,00
6920  41,00
6921  25,00
6922  15,00
6923  23,00
6924  21,00
6925  34,00
6926  21,00
6927  25,00
6928  29,00
6929  22,00
6930  30,00
6931  23,00
6932  13,00
6933  18,00
6934  16,00
6935  19,00
6936  14,00
6937  22,00
6938  24,00
6939  15,00
6940  17,00
6941  18,00
6942  11,00
6943  16,00
6944  11,00
6945  27,00
6946  20,00
6947  15,00
6948  20,00
6949  10,00
6950  16,00
6951  11,00
6952  11,00
6953  13,00
6954  13,00
6955  12,00
6956  19,00
6957  9,00
6958  9,00
6959  4,00
6960  18,00
6961  9,00
6962  13,00
6963  7,00
6964  8,00
6965  10,00
6966  10,00
6967  7,00
6968  12,00
6969  5,00
6970  14,00
6971  8,00
6972  11,00
6973  5,00
6974  11,00
6975  6,00
6976  10,00
6977  6,00
6979  6,00
6980  8,00
6981  6,00
6982  7,00
6983  3,00
6984  4,00
6985  4,00
6986  5,00
6987  4,00
6988  6,00
6989  4,00
6990  5,00
6991  9,00
6992  2,00
6993  5,00
6994  8,00
6995  5,00
6996  1,00
6997  5,00
6998  2,00
6999  1,00
7000  3,00
7001  1,00
7002  4,00
7003  3,00
7004  2,00
7005  2,00
7006  3,00
7007  8,00
7008  2,00
7009  1,00
7010  2,00
7012  1,00
7013  1,00
7014  1,00
7015  1,00
7016  2,00
7017  1,00
7019  2,00
7020  2,00
7021  1,00
7022  2,00
7023  2,00
7024  2,00
7025  1,00
7026  1,00
7028  2,00
7029  2,00
7030  1,00
7035  1,00
7040  1,00
7042  2,00
