1  1727086,00
2  359894,00
3  211774,00
4  137236,00
5  94735,00
6  69485,00
7  53261,00
8  42018,00
9  34635,00
10  28779,00
11  24044,00
12  20580,00
13  18006,00
14  15613,00
15  13877,00
16  12458,00
17  11018,00
18  10053,00
19  9160,00
20  8418,00
21  7587,00
22  6984,00
23  6387,00
24  5843,00
25  5685,00
26  5266,00
27  4815,00
28  4431,00
29  4274,00
30  4132,00
31  3761,00
32  3469,00
33  3278,00
34  3144,00
35  3076,00
36  2867,00
37  2782,00
38  2556,00
39  2507,00
40  2298,00
41  2323,00
42  2143,00
43  2115,00
44  2029,00
45  1961,00
46  1869,00
47  1811,00
48  1647,00
49  1603,00
50  1617,00
51  1505,00
52  1463,00
53  1434,00
54  1378,00
55  1298,00
56  1283,00
57  1251,00
58  1287,00
59  1194,00
60  1096,00
61  1096,00
62  1040,00
63  1026,00
64  1018,00
65  1001,00
66  988,00
67  974,00
68  896,00
69  854,00
70  854,00
71  814,00
72  869,00
73  838,00
74  718,00
75  765,00
76  788,00
77  672,00
78  721,00
79  678,00
80  691,00
81  672,00
82  593,00
83  670,00
84  614,00
85  612,00
86  605,00
87  614,00
88  590,00
89  560,00
90  581,00
91  555,00
92  520,00
93  504,00
94  509,00
95  461,00
96  495,00
97  504,00
98  485,00
99  459,00
100  437,00
101  478,00
102  391,00
103  455,00
104  397,00
105  415,00
106  417,00
107  410,00
108  382,00
109  389,00
110  373,00
111  364,00
112  327,00
113  376,00
114  322,00
115  372,00
116  385,00
117  298,00
118  349,00
119  343,00
120  341,00
121  300,00
122  320,00
123  307,00
124  293,00
125  311,00
126  314,00
127  273,00
128  271,00
129  284,00
130  282,00
131  305,00
132  265,00
133  266,00
134  258,00
135  277,00
136  244,00
137  221,00
138  237,00
139  243,00
140  270,00
141  222,00
142  240,00
143  243,00
144  262,00
145  228,00
146  206,00
147  239,00
148  234,00
149  213,00
150  222,00
151  219,00
152  218,00
153  201,00
154  211,00
155  225,00
156  206,00
157  211,00
158  227,00
159  214,00
160  203,00
161  188,00
162  180,00
163  196,00
164  163,00
165  164,00
166  190,00
167  147,00
168  164,00
169  175,00
170  169,00
171  167,00
172  171,00
173  163,00
174  149,00
175  141,00
176  176,00
177  178,00
178  164,00
179  152,00
180  144,00
181  162,00
182  151,00
183  156,00
184  181,00
185  144,00
186  165,00
187  152,00
188  138,00
189  152,00
190  147,00
191  144,00
192  141,00
193  139,00
194  153,00
195  153,00
196  116,00
197  148,00
198  136,00
199  139,00
200  126,00
201  145,00
202  160,00
203  135,00
204  144,00
205  116,00
206  131,00
207  119,00
208  118,00
209  106,00
210  144,00
211  120,00
212  122,00
213  118,00
214  122,00
215  105,00
216  123,00
217  121,00
218  126,00
219  115,00
220  119,00
221  125,00
222  137,00
223  97,00
224  110,00
225  101,00
226  101,00
227  114,00
228  103,00
229  111,00
230  125,00
231  101,00
232  95,00
233  97,00
234  117,00
235  119,00
236  117,00
237  87,00
238  111,00
239  91,00
240  106,00
241  102,00
242  114,00
243  93,00
244  110,00
245  92,00
246  89,00
247  90,00
248  86,00
249  94,00
250  75,00
251  81,00
252  96,00
253  81,00
254  87,00
255  75,00
256  81,00
257  79,00
258  91,00
259  80,00
260  105,00
261  75,00
262  83,00
263  78,00
264  95,00
265  74,00
266  86,00
267  76,00
268  94,00
269  75,00
270  80,00
271  76,00
272  81,00
273  96,00
274  72,00
275  71,00
276  80,00
277  48,00
278  81,00
279  74,00
280  74,00
281  88,00
282  78,00
283  83,00
284  59,00
285  83,00
286  71,00
287  56,00
288  65,00
289  64,00
290  67,00
291  82,00
292  84,00
293  55,00
294  77,00
295  72,00
296  69,00
297  72,00
298  69,00
299  59,00
300  60,00
301  79,00
302  60,00
303  86,00
304  57,00
305  61,00
306  67,00
307  72,00
308  73,00
309  64,00
310  58,00
311  57,00
312  63,00
313  70,00
314  57,00
315  64,00
316  70,00
317  54,00
318  77,00
319  56,00
320  54,00
321  52,00
322  64,00
323  69,00
324  63,00
325  67,00
326  67,00
327  42,00
328  66,00
329  58,00
330  57,00
331  42,00
332  64,00
333  59,00
334  58,00
335  65,00
336  60,00
337  37,00
338  57,00
339  55,00
340  55,00
341  57,00
342  42,00
343  54,00
344  46,00
345  51,00
346  53,00
347  50,00
348  45,00
349  44,00
350  48,00
351  72,00
352  53,00
353  61,00
354  47,00
355  48,00
356  46,00
357  49,00
358  47,00
359  51,00
360  50,00
361  49,00
362  53,00
363  38,00
364  54,00
365  48,00
366  40,00
367  50,00
368  40,00
369  39,00
370  40,00
371  42,00
372  43,00
373  49,00
374  39,00
375  54,00
376  49,00
377  49,00
378  44,00
379  30,00
380  41,00
381  50,00
382  40,00
383  40,00
384  40,00
385  41,00
386  46,00
387  30,00
388  33,00
389  38,00
390  36,00
391  37,00
392  45,00
393  41,00
394  48,00
395  45,00
396  43,00
397  42,00
398  43,00
399  35,00
400  40,00
401  38,00
402  20,00
403  41,00
404  44,00
405  46,00
406  38,00
407  45,00
408  34,00
409  41,00
410  52,00
411  35,00
412  38,00
413  35,00
414  28,00
415  35,00
416  26,00
417  43,00
418  24,00
419  28,00
420  35,00
421  37,00
422  38,00
423  37,00
424  44,00
425  31,00
426  27,00
427  28,00
428  34,00
429  33,00
430  33,00
431  40,00
432  36,00
433  33,00
434  33,00
435  31,00
436  42,00
437  46,00
438  35,00
439  32,00
440  38,00
441  38,00
442  32,00
443  35,00
444  34,00
445  36,00
446  28,00
447  27,00
448  26,00
449  38,00
450  26,00
451  31,00
452  34,00
453  33,00
454  41,00
455  32,00
456  32,00
457  36,00
458  33,00
459  34,00
460  33,00
461  32,00
462  35,00
463  18,00
464  33,00
465  33,00
466  29,00
467  31,00
468  31,00
469  26,00
470  36,00
471  26,00
472  23,00
473  33,00
474  29,00
475  29,00
476  39,00
477  28,00
478  25,00
479  28,00
480  31,00
481  32,00
482  32,00
483  32,00
484  29,00
485  29,00
486  26,00
487  28,00
488  27,00
489  38,00
490  23,00
491  28,00
492  34,00
493  28,00
494  19,00
495  32,00
496  31,00
497  35,00
498  30,00
499  32,00
500  28,00
501  33,00
502  27,00
503  36,00
504  26,00
505  25,00
506  33,00
507  25,00
508  30,00
509  23,00
510  22,00
511  20,00
512  25,00
513  26,00
514  18,00
515  22,00
516  25,00
517  37,00
518  21,00
519  24,00
520  34,00
521  26,00
522  20,00
523  25,00
524  29,00
525  19,00
526  29,00
527  27,00
528  25,00
529  21,00
530  27,00
531  30,00
532  23,00
533  29,00
534  25,00
535  33,00
536  29,00
537  29,00
538  27,00
539  27,00
540  29,00
541  42,00
542  23,00
543  24,00
544  13,00
545  18,00
546  18,00
547  30,00
548  30,00
549  21,00
550  33,00
551  21,00
552  24,00
553  21,00
554  30,00
555  25,00
556  29,00
557  22,00
558  25,00
559  26,00
560  19,00
561  21,00
562  15,00
563  27,00
564  20,00
565  23,00
566  20,00
567  18,00
568  26,00
569  21,00
570  29,00
571  22,00
572  24,00
573  22,00
574  24,00
575  24,00
576  21,00
577  23,00
578  25,00
579  22,00
580  23,00
581  21,00
582  30,00
583  26,00
584  17,00
585  14,00
586  20,00
587  20,00
588  25,00
589  14,00
590  23,00
591  12,00
592  24,00
593  21,00
594  30,00
595  20,00
596  22,00
597  29,00
598  15,00
599  24,00
600  14,00
601  19,00
602  22,00
603  21,00
604  27,00
605  22,00
606  17,00
607  8,00
608  25,00
609  16,00
610  20,00
611  14,00
612  18,00
613  21,00
614  21,00
615  16,00
616  23,00
617  17,00
618  16,00
619  18,00
620  23,00
621  17,00
622  27,00
623  18,00
624  13,00
625  26,00
626  15,00
627  28,00
628  13,00
629  15,00
630  23,00
631  16,00
632  14,00
633  19,00
634  24,00
635  12,00
636  17,00
637  16,00
638  20,00
639  20,00
640  16,00
641  21,00
642  23,00
643  20,00
644  17,00
645  21,00
646  16,00
647  15,00
648  16,00
649  22,00
650  16,00
651  15,00
652  20,00
653  26,00
654  18,00
655  17,00
656  22,00
657  15,00
658  18,00
659  19,00
660  16,00
661  13,00
662  19,00
663  17,00
664  15,00
665  14,00
666  11,00
667  20,00
668  19,00
669  17,00
670  9,00
671  17,00
672  20,00
673  23,00
674  14,00
675  17,00
676  20,00
677  12,00
678  14,00
679  15,00
680  16,00
681  26,00
682  21,00
683  14,00
684  19,00
685  19,00
686  13,00
687  15,00
688  17,00
689  8,00
690  28,00
691  15,00
692  16,00
693  13,00
694  18,00
695  21,00
696  17,00
697  17,00
698  21,00
699  20,00
700  16,00
701  13,00
702  16,00
703  17,00
704  21,00
705  14,00
706  15,00
707  17,00
708  15,00
709  17,00
710  16,00
711  18,00
712  19,00
713  16,00
714  16,00
715  23,00
716  13,00
717  15,00
718  20,00
719  16,00
720  25,00
721  8,00
722  15,00
723  18,00
724  17,00
725  9,00
726  12,00
727  15,00
728  15,00
729  17,00
730  12,00
731  16,00
732  14,00
733  16,00
734  17,00
735  14,00
736  20,00
737  17,00
738  12,00
739  13,00
740  20,00
741  14,00
742  12,00
743  13,00
744  18,00
745  10,00
746  15,00
747  10,00
748  8,00
749  8,00
750  11,00
751  17,00
752  18,00
753  15,00
754  13,00
755  17,00
756  14,00
757  12,00
758  12,00
759  10,00
760  19,00
761  21,00
762  14,00
763  16,00
764  20,00
765  14,00
766  15,00
767  12,00
768  17,00
769  13,00
770  9,00
771  17,00
772  10,00
773  16,00
774  11,00
775  14,00
776  14,00
777  7,00
778  10,00
779  15,00
780  15,00
781  14,00
782  13,00
783  16,00
784  15,00
785  12,00
786  18,00
787  9,00
788  8,00
789  5,00
790  14,00
791  14,00
792  11,00
793  10,00
794  22,00
795  15,00
796  17,00
797  11,00
798  14,00
799  15,00
800  16,00
801  13,00
802  15,00
803  12,00
804  13,00
805  10,00
806  21,00
807  19,00
808  13,00
809  15,00
810  15,00
811  16,00
812  15,00
813  8,00
814  15,00
815  21,00
816  16,00
817  11,00
818  16,00
819  13,00
820  17,00
821  17,00
822  14,00
823  13,00
824  12,00
825  14,00
826  8,00
827  10,00
828  10,00
829  15,00
830  5,00
831  6,00
832  10,00
833  11,00
834  15,00
835  18,00
836  6,00
837  10,00
838  15,00
839  8,00
840  9,00
841  13,00
842  16,00
843  8,00
844  8,00
845  9,00
846  12,00
847  16,00
848  14,00
849  12,00
850  9,00
851  12,00
852  12,00
853  5,00
854  9,00
855  10,00
856  11,00
857  8,00
858  15,00
859  15,00
860  9,00
861  18,00
862  12,00
863  10,00
864  8,00
865  12,00
866  3,00
867  7,00
868  11,00
869  7,00
870  16,00
871  9,00
872  12,00
873  6,00
874  7,00
875  7,00
876  8,00
877  8,00
878  12,00
879  22,00
880  16,00
881  6,00
882  5,00
883  7,00
884  10,00
885  6,00
886  6,00
887  6,00
888  8,00
889  10,00
890  3,00
891  10,00
892  8,00
893  9,00
894  6,00
895  16,00
896  10,00
897  10,00
898  7,00
899  14,00
900  15,00
901  8,00
902  10,00
903  12,00
904  16,00
905  8,00
906  5,00
907  13,00
908  9,00
909  11,00
910  8,00
911  13,00
912  6,00
913  8,00
914  7,00
915  5,00
916  12,00
917  6,00
918  14,00
919  11,00
920  4,00
921  8,00
922  5,00
923  10,00
924  12,00
925  18,00
926  13,00
927  11,00
928  13,00
929  11,00
930  14,00
931  10,00
932  14,00
933  11,00
934  9,00
935  9,00
936  7,00
937  12,00
938  6,00
939  9,00
940  11,00
941  14,00
942  13,00
943  12,00
944  9,00
945  8,00
946  6,00
947  7,00
948  11,00
949  5,00
950  8,00
951  13,00
952  7,00
953  15,00
954  12,00
955  10,00
956  10,00
957  10,00
958  7,00
959  4,00
960  9,00
961  13,00
962  11,00
963  9,00
964  9,00
965  6,00
966  6,00
967  15,00
968  6,00
969  12,00
970  7,00
971  11,00
972  7,00
973  4,00
974  7,00
975  7,00
976  10,00
977  8,00
978  9,00
979  7,00
980  9,00
981  14,00
982  8,00
983  10,00
984  9,00
985  11,00
986  10,00
987  8,00
988  5,00
989  10,00
990  4,00
991  8,00
992  12,00
993  2,00
994  13,00
995  10,00
996  8,00
997  11,00
998  12,00
999  9,00
1000  7,00
1001  10,00
1002  6,00
1003  3,00
1004  8,00
1005  11,00
1006  12,00
1007  8,00
1008  9,00
1009  4,00
1010  7,00
1011  10,00
1012  12,00
1013  6,00
1014  12,00
1015  10,00
1016  5,00
1017  7,00
1018  10,00
1019  7,00
1020  6,00
1021  7,00
1022  9,00
1023  7,00
1024  6,00
1025  7,00
1026  4,00
1027  11,00
1028  9,00
1029  8,00
1030  15,00
1031  7,00
1032  6,00
1033  10,00
1034  13,00
1035  9,00
1036  8,00
1037  9,00
1038  10,00
1039  10,00
1040  5,00
1041  5,00
1042  10,00
1043  9,00
1044  7,00
1045  12,00
1046  9,00
1047  11,00
1048  12,00
1049  10,00
1050  3,00
1051  3,00
1052  10,00
1053  7,00
1054  13,00
1055  12,00
1056  8,00
1057  4,00
1058  5,00
1059  8,00
1060  3,00
1061  7,00
1062  8,00
1063  10,00
1064  6,00
1065  6,00
1066  6,00
1067  8,00
1068  9,00
1069  9,00
1070  12,00
1071  8,00
1072  8,00
1073  11,00
1074  11,00
1075  7,00
1076  8,00
1077  11,00
1078  4,00
1079  8,00
1080  12,00
1081  5,00
1082  12,00
1083  8,00
1084  8,00
1085  8,00
1086  9,00
1087  7,00
1088  11,00
1089  7,00
1090  6,00
1091  8,00
1092  11,00
1093  6,00
1094  6,00
1095  7,00
1096  5,00
1097  9,00
1098  11,00
1099  7,00
1100  5,00
1101  9,00
1102  7,00
1103  4,00
1104  9,00
1105  5,00
1106  7,00
1107  10,00
1108  9,00
1109  4,00
1110  9,00
1111  5,00
1112  4,00
1113  8,00
1114  11,00
1115  6,00
1116  5,00
1117  3,00
1118  8,00
1119  5,00
1120  6,00
1121  6,00
1122  5,00
1123  8,00
1124  3,00
1125  10,00
1126  8,00
1127  14,00
1128  8,00
1129  6,00
1130  8,00
1131  5,00
1132  9,00
1133  9,00
1134  4,00
1135  9,00
1136  10,00
1137  7,00
1138  6,00
1139  6,00
1140  5,00
1141  8,00
1142  7,00
1143  5,00
1144  6,00
1145  3,00
1146  9,00
1147  8,00
1148  2,00
1149  7,00
1150  10,00
1151  5,00
1152  6,00
1153  9,00
1154  10,00
1155  7,00
1156  7,00
1157  5,00
1158  8,00
1159  6,00
1160  12,00
1161  2,00
1162  9,00
1163  6,00
1164  7,00
1165  4,00
1166  6,00
1167  7,00
1168  6,00
1169  11,00
1170  7,00
1171  9,00
1172  9,00
1173  6,00
1174  3,00
1175  6,00
1176  11,00
1177  11,00
1178  8,00
1179  10,00
1180  10,00
1181  3,00
1182  4,00
1183  6,00
1184  7,00
1185  3,00
1186  5,00
1187  9,00
1188  6,00
1189  5,00
1190  3,00
1191  5,00
1192  5,00
1193  3,00
1194  6,00
1195  3,00
1196  6,00
1197  3,00
1198  7,00
1199  2,00
1200  9,00
1201  6,00
1202  6,00
1203  5,00
1204  6,00
1205  3,00
1206  3,00
1207  5,00
1208  5,00
1209  12,00
1210  5,00
1211  8,00
1212  12,00
1213  5,00
1214  6,00
1215  8,00
1216  8,00
1217  10,00
1218  6,00
1219  5,00
1220  7,00
1221  6,00
1222  6,00
1223  3,00
1224  7,00
1225  10,00
1226  3,00
1227  8,00
1228  3,00
1229  7,00
1230  10,00
1231  7,00
1232  4,00
1233  6,00
1234  7,00
1235  3,00
1236  8,00
1237  8,00
1238  2,00
1239  5,00
1240  9,00
1241  5,00
1242  5,00
1243  6,00
1244  6,00
1245  8,00
1246  4,00
1247  2,00
1248  5,00
1249  8,00
1250  8,00
1251  6,00
1252  4,00
1253  11,00
1254  5,00
1255  9,00
1256  7,00
1257  7,00
1258  7,00
1259  8,00
1260  2,00
1261  6,00
1262  8,00
1263  7,00
1264  8,00
1265  8,00
1266  8,00
1267  3,00
1268  5,00
1269  3,00
1270  11,00
1271  3,00
1272  4,00
1273  3,00
1274  9,00
1275  7,00
1276  4,00
1277  4,00
1278  11,00
1279  3,00
1280  10,00
1281  3,00
1282  6,00
1283  1,00
1284  7,00
1285  7,00
1286  8,00
1287  7,00
1288  4,00
1289  5,00
1290  4,00
1291  5,00
1292  15,00
1293  5,00
1294  7,00
1295  5,00
1296  9,00
1297  6,00
1298  5,00
1299  5,00
1300  10,00
1301  3,00
1302  5,00
1303  6,00
1304  4,00
1305  8,00
1306  4,00
1307  4,00
1308  6,00
1309  4,00
1310  5,00
1311  4,00
1312  4,00
1313  9,00
1314  7,00
1315  6,00
1316  5,00
1317  8,00
1318  5,00
1319  6,00
1320  9,00
1321  6,00
1322  6,00
1323  7,00
1324  7,00
1325  3,00
1326  7,00
1327  11,00
1328  4,00
1329  5,00
1330  5,00
1331  8,00
1332  4,00
1333  6,00
1334  6,00
1335  8,00
1336  6,00
1337  3,00
1338  6,00
1339  5,00
1340  9,00
1341  8,00
1342  8,00
1343  4,00
1344  7,00
1345  5,00
1346  4,00
1347  5,00
1348  3,00
1349  6,00
1350  5,00
1351  4,00
1352  5,00
1353  2,00
1354  6,00
1355  6,00
1356  7,00
1357  6,00
1358  5,00
1359  4,00
1360  10,00
1361  3,00
1362  9,00
1363  5,00
1364  4,00
1365  4,00
1366  5,00
1367  7,00
1368  11,00
1369  5,00
1370  2,00
1371  9,00
1372  3,00
1373  8,00
1374  8,00
1375  5,00
1376  5,00
1377  8,00
1378  7,00
1379  4,00
1380  8,00
1381  3,00
1382  6,00
1383  7,00
1384  3,00
1385  11,00
1386  3,00
1387  4,00
1388  9,00
1389  1,00
1390  7,00
1391  6,00
1392  1,00
1393  5,00
1394  3,00
1395  7,00
1396  2,00
1397  5,00
1398  3,00
1399  4,00
1400  6,00
1401  9,00
1402  9,00
1403  2,00
1404  6,00
1405  8,00
1406  7,00
1408  4,00
1409  6,00
1410  6,00
1411  2,00
1412  5,00
1413  5,00
1414  4,00
1415  2,00
1416  3,00
1417  5,00
1418  5,00
1419  4,00
1420  4,00
1421  6,00
1422  5,00
1423  4,00
1424  4,00
1425  5,00
1426  3,00
1427  5,00
1428  1,00
1429  5,00
1430  10,00
1431  5,00
1432  3,00
1433  4,00
1434  5,00
1435  4,00
1436  5,00
1437  5,00
1438  6,00
1439  3,00
1440  4,00
1441  3,00
1442  3,00
1443  4,00
1444  3,00
1445  3,00
1446  6,00
1447  3,00
1448  4,00
1449  4,00
1450  4,00
1451  3,00
1452  6,00
1453  6,00
1454  7,00
1455  6,00
1456  5,00
1457  6,00
1458  5,00
1459  7,00
1460  6,00
1461  2,00
1462  2,00
1463  4,00
1464  8,00
1465  8,00
1466  7,00
1467  6,00
1468  7,00
1469  5,00
1470  2,00
1471  5,00
1472  7,00
1473  5,00
1474  4,00
1475  7,00
1476  3,00
1477  8,00
1478  2,00
1479  5,00
1480  6,00
1481  9,00
1482  4,00
1483  2,00
1484  7,00
1485  4,00
1486  5,00
1487  4,00
1488  4,00
1489  4,00
1490  4,00
1491  4,00
1492  3,00
1493  4,00
1494  9,00
1495  11,00
1496  7,00
1497  2,00
1498  2,00
1499  3,00
1500  7,00
1501  3,00
1502  4,00
1503  10,00
1504  10,00
1505  4,00
1506  4,00
1507  9,00
1508  4,00
1509  6,00
1510  2,00
1511  4,00
1512  2,00
1513  8,00
1514  4,00
1515  8,00
1516  6,00
1517  4,00
1518  7,00
1519  7,00
1520  7,00
1521  11,00
1522  3,00
1523  1,00
1524  8,00
1525  4,00
1527  5,00
1528  8,00
1529  3,00
1530  4,00
1531  5,00
1532  6,00
1533  7,00
1534  4,00
1535  5,00
1536  6,00
1537  1,00
1538  11,00
1539  6,00
1540  3,00
1542  5,00
1543  6,00
1544  5,00
1545  6,00
1546  3,00
1547  4,00
1548  11,00
1549  4,00
1550  8,00
1551  5,00
1552  4,00
1553  2,00
1554  4,00
1555  4,00
1556  7,00
1557  6,00
1558  4,00
1559  8,00
1560  4,00
1561  7,00
1562  1,00
1563  4,00
1564  6,00
1565  4,00
1566  8,00
1567  4,00
1568  6,00
1569  9,00
1570  1,00
1571  7,00
1572  4,00
1573  3,00
1574  5,00
1575  6,00
1576  3,00
1577  4,00
1578  8,00
1579  8,00
1580  5,00
1581  9,00
1582  4,00
1583  4,00
1584  4,00
1585  6,00
1586  2,00
1587  3,00
1588  4,00
1589  3,00
1590  2,00
1591  2,00
1592  4,00
1593  4,00
1594  3,00
1595  6,00
1596  4,00
1597  3,00
1598  9,00
1599  7,00
1600  2,00
1601  6,00
1602  8,00
1603  4,00
1604  3,00
1605  2,00
1606  5,00
1607  3,00
1608  4,00
1609  3,00
1610  4,00
1611  1,00
1612  1,00
1613  3,00
1614  4,00
1615  8,00
1616  4,00
1617  7,00
1618  3,00
1619  4,00
1620  6,00
1621  3,00
1622  5,00
1623  3,00
1624  5,00
1625  9,00
1626  5,00
1627  2,00
1628  4,00
1629  4,00
1630  5,00
1631  8,00
1632  5,00
1633  6,00
1635  4,00
1636  3,00
1637  1,00
1638  1,00
1639  5,00
1640  4,00
1641  3,00
1642  5,00
1643  3,00
1644  2,00
1645  6,00
1646  5,00
1647  2,00
1648  3,00
1649  1,00
1650  10,00
1651  4,00
1653  6,00
1654  5,00
1655  1,00
1656  6,00
1657  4,00
1658  6,00
1659  6,00
1660  6,00
1661  4,00
1662  3,00
1663  5,00
1664  1,00
1666  7,00
1667  5,00
1668  6,00
1669  6,00
1670  5,00
1671  4,00
1672  4,00
1673  3,00
1674  4,00
1675  2,00
1676  2,00
1677  3,00
1678  8,00
1679  8,00
1680  3,00
1681  8,00
1682  7,00
1683  5,00
1684  4,00
1685  5,00
1686  2,00
1687  3,00
1688  4,00
1689  3,00
1690  5,00
1691  5,00
1692  4,00
1694  7,00
1695  1,00
1696  3,00
1697  2,00
1698  3,00
1699  4,00
1700  3,00
1701  3,00
1702  11,00
1703  5,00
1704  2,00
1705  4,00
1706  3,00
1707  5,00
1708  4,00
1709  5,00
1710  6,00
1711  2,00
1712  9,00
1713  3,00
1714  6,00
1715  3,00
1716  1,00
1717  1,00
1718  8,00
1719  3,00
1720  4,00
1721  2,00
1722  5,00
1723  7,00
1724  2,00
1725  7,00
1726  2,00
1727  3,00
1728  9,00
1729  1,00
1730  5,00
1731  5,00
1732  4,00
1733  2,00
1734  3,00
1735  4,00
1736  7,00
1737  4,00
1738  2,00
1739  5,00
1740  6,00
1741  6,00
1742  2,00
1743  6,00
1744  3,00
1745  6,00
1746  3,00
1747  6,00
1748  3,00
1749  3,00
1750  6,00
1751  3,00
1752  6,00
1753  9,00
1754  1,00
1755  4,00
1756  6,00
1757  1,00
1758  4,00
1759  4,00
1760  7,00
1761  2,00
1762  5,00
1763  5,00
1764  5,00
1765  5,00
1767  2,00
1768  6,00
1769  6,00
1770  6,00
1771  2,00
1772  5,00
1773  1,00
1774  4,00
1775  4,00
1776  2,00
1777  3,00
1778  5,00
1779  1,00
1780  2,00
1781  6,00
1782  5,00
1783  3,00
1784  9,00
1785  10,00
1786  3,00
1787  3,00
1788  8,00
1789  3,00
1790  2,00
1791  5,00
1792  1,00
1794  6,00
1795  6,00
1796  4,00
1797  2,00
1798  2,00
1799  4,00
1800  3,00
1801  5,00
1802  2,00
1803  4,00
1804  4,00
1805  5,00
1806  4,00
1807  1,00
1808  6,00
1809  4,00
1810  5,00
1811  5,00
1812  2,00
1813  1,00
1814  2,00
1815  7,00
1816  3,00
1817  5,00
1818  4,00
1819  2,00
1820  6,00
1821  2,00
1822  6,00
1823  2,00
1824  4,00
1825  6,00
1826  4,00
1827  3,00
1828  6,00
1829  2,00
1830  6,00
1831  6,00
1832  5,00
1833  4,00
1834  6,00
1835  2,00
1836  8,00
1837  4,00
1838  5,00
1839  3,00
1840  6,00
1841  2,00
1842  9,00
1843  5,00
1844  7,00
1845  5,00
1846  7,00
1847  7,00
1848  7,00
1849  3,00
1850  3,00
1851  4,00
1852  1,00
1853  8,00
1854  7,00
1855  3,00
1856  8,00
1857  3,00
1858  2,00
1859  4,00
1860  6,00
1861  4,00
1862  4,00
1863  3,00
1864  3,00
1865  2,00
1866  4,00
1867  2,00
1868  2,00
1869  2,00
1871  5,00
1872  2,00
1873  5,00
1874  5,00
1875  4,00
1876  6,00
1877  3,00
1878  4,00
1880  1,00
1881  3,00
1882  1,00
1883  6,00
1884  4,00
1885  7,00
1886  5,00
1887  3,00
1888  4,00
1889  3,00
1890  7,00
1891  1,00
1892  4,00
1893  6,00
1894  4,00
1895  5,00
1896  1,00
1897  3,00
1898  3,00
1899  6,00
1900  4,00
1901  3,00
1902  4,00
1903  4,00
1904  6,00
1905  8,00
1906  3,00
1907  2,00
1908  5,00
1909  3,00
1910  2,00
1912  5,00
1913  5,00
1914  3,00
1915  1,00
1916  2,00
1917  2,00
1918  6,00
1919  4,00
1920  3,00
1921  5,00
1922  6,00
1923  4,00
1924  4,00
1925  5,00
1926  3,00
1927  4,00
1928  5,00
1929  9,00
1930  5,00
1931  1,00
1932  3,00
1933  6,00
1934  4,00
1935  3,00
1936  4,00
1937  2,00
1938  4,00
1939  7,00
1940  6,00
1941  2,00
1942  7,00
1943  6,00
1944  5,00
1945  1,00
1946  5,00
1947  2,00
1948  4,00
1949  3,00
1950  5,00
1951  2,00
1952  3,00
1953  8,00
1954  5,00
1955  5,00
1956  7,00
1957  3,00
1958  4,00
1959  7,00
1960  1,00
1961  5,00
1962  2,00
1963  2,00
1964  7,00
1965  6,00
1966  2,00
1967  1,00
1968  5,00
1969  2,00
1970  5,00
1971  3,00
1972  3,00
1973  2,00
1974  3,00
1975  6,00
1976  5,00
1977  5,00
1978  3,00
1979  1,00
1980  4,00
1981  5,00
1982  3,00
1983  3,00
1984  3,00
1985  5,00
1986  3,00
1987  6,00
1988  4,00
1989  4,00
1990  3,00
1991  3,00
1992  5,00
1993  2,00
1994  1,00
1995  1,00
1996  3,00
1997  1,00
1998  1,00
1999  7,00
2000  2,00
2001  7,00
2002  4,00
2003  7,00
2004  1,00
2005  2,00
2006  4,00
2007  4,00
2008  5,00
2009  1,00
2010  2,00
2011  4,00
2012  2,00
2013  1,00
2014  7,00
2015  2,00
2016  8,00
2017  2,00
2018  3,00
2019  2,00
2020  3,00
2021  2,00
2022  3,00
2023  2,00
2024  4,00
2025  3,00
2026  1,00
2027  2,00
2028  3,00
2029  4,00
2030  5,00
2031  5,00
2032  6,00
2033  5,00
2035  1,00
2036  5,00
2037  4,00
2038  7,00
2039  5,00
2040  5,00
2041  3,00
2042  1,00
2043  2,00
2044  3,00
2045  3,00
2046  2,00
2047  3,00
2048  4,00
2049  3,00
2050  3,00
2051  3,00
2052  5,00
2053  1,00
2054  5,00
2055  4,00
2056  2,00
2057  4,00
2058  4,00
2059  2,00
2060  5,00
2061  2,00
2062  1,00
2063  4,00
2064  2,00
2065  6,00
2066  1,00
2067  7,00
2068  4,00
2069  3,00
2070  4,00
2071  2,00
2072  6,00
2073  1,00
2074  4,00
2075  3,00
2076  2,00
2077  6,00
2078  5,00
2079  6,00
2080  4,00
2081  3,00
2082  6,00
2083  2,00
2084  5,00
2085  1,00
2086  3,00
2087  5,00
2088  3,00
2089  3,00
2090  4,00
2091  4,00
2092  4,00
2093  2,00
2094  2,00
2095  3,00
2096  1,00
2097  3,00
2098  3,00
2099  3,00
2100  5,00
2101  3,00
2102  3,00
2103  7,00
2104  4,00
2105  2,00
2106  6,00
2107  2,00
2108  7,00
2109  3,00
2110  4,00
2111  4,00
2112  3,00
2113  1,00
2114  5,00
2115  4,00
2116  1,00
2118  4,00
2119  2,00
2120  7,00
2121  4,00
2122  3,00
2123  3,00
2124  7,00
2125  4,00
2126  4,00
2127  6,00
2129  5,00
2130  2,00
2131  3,00
2132  3,00
2133  4,00
2134  4,00
2135  3,00
2136  3,00
2137  3,00
2138  8,00
2139  1,00
2140  1,00
2141  1,00
2142  3,00
2143  2,00
2144  1,00
2146  2,00
2147  4,00
2148  1,00
2149  3,00
2150  2,00
2151  4,00
2152  2,00
2153  6,00
2154  4,00
2155  3,00
2156  8,00
2157  2,00
2158  5,00
2159  1,00
2160  6,00
2161  4,00
2162  4,00
2163  5,00
2164  3,00
2165  7,00
2166  4,00
2167  6,00
2168  2,00
2169  4,00
2170  2,00
2171  2,00
2172  5,00
2173  6,00
2174  2,00
2176  4,00
2177  4,00
2178  2,00
2179  3,00
2180  6,00
2181  3,00
2182  3,00
2183  8,00
2184  7,00
2185  3,00
2186  4,00
2187  1,00
2188  3,00
2189  4,00
2190  1,00
2191  5,00
2192  5,00
2193  4,00
2194  2,00
2195  3,00
2196  2,00
2197  4,00
2198  5,00
2199  4,00
2200  3,00
2201  4,00
2202  2,00
2203  6,00
2204  2,00
2205  4,00
2206  2,00
2207  2,00
2208  4,00
2209  7,00
2210  1,00
2211  2,00
2212  4,00
2213  2,00
2214  4,00
2216  3,00
2217  3,00
2218  6,00
2219  3,00
2220  7,00
2221  4,00
2222  4,00
2223  3,00
2224  2,00
2225  5,00
2226  4,00
2227  9,00
2228  3,00
2229  2,00
2230  2,00
2231  8,00
2232  2,00
2233  5,00
2234  2,00
2235  6,00
2236  1,00
2237  2,00
2239  3,00
2240  6,00
2241  2,00
2242  2,00
2243  3,00
2244  5,00
2245  1,00
2246  2,00
2247  5,00
2248  3,00
2249  5,00
2250  3,00
2251  1,00
2252  6,00
2253  5,00
2254  3,00
2255  1,00
2256  3,00
2257  13,00
2258  3,00
2259  5,00
2260  4,00
2261  3,00
2262  3,00
2263  3,00
2264  2,00
2265  2,00
2266  4,00
2267  2,00
2268  4,00
2269  4,00
2270  4,00
2271  5,00
2272  6,00
2273  2,00
2274  3,00
2275  3,00
2276  2,00
2277  4,00
2278  2,00
2279  4,00
2280  1,00
2281  3,00
2282  4,00
2283  2,00
2284  1,00
2285  1,00
2286  1,00
2287  3,00
2288  4,00
2289  2,00
2290  8,00
2291  2,00
2292  3,00
2293  2,00
2294  2,00
2295  3,00
2296  5,00
2297  1,00
2298  6,00
2299  4,00
2300  3,00
2301  3,00
2302  1,00
2303  5,00
2304  3,00
2305  5,00
2306  4,00
2307  5,00
2308  2,00
2309  5,00
2310  6,00
2311  2,00
2312  2,00
2313  1,00
2314  7,00
2315  6,00
2316  2,00
2317  2,00
2318  4,00
2319  2,00
2320  7,00
2321  1,00
2322  3,00
2323  3,00
2324  4,00
2325  3,00
2326  2,00
2327  2,00
2328  2,00
2329  4,00
2331  6,00
2332  7,00
2333  2,00
2334  2,00
2335  4,00
2336  4,00
2337  2,00
2338  3,00
2339  1,00
2340  6,00
2341  4,00
2342  2,00
2343  1,00
2344  4,00
2345  8,00
2346  1,00
2347  1,00
2348  4,00
2349  2,00
2350  2,00
2351  3,00
2352  3,00
2353  2,00
2354  4,00
2355  2,00
2356  2,00
2357  3,00
2358  2,00
2359  6,00
2360  3,00
2361  2,00
2362  1,00
2363  1,00
2364  1,00
2365  5,00
2366  2,00
2367  3,00
2368  2,00
2369  3,00
2370  7,00
2371  4,00
2372  6,00
2373  3,00
2374  2,00
2375  2,00
2376  2,00
2377  4,00
2378  4,00
2379  5,00
2380  5,00
2381  3,00
2382  3,00
2383  3,00
2384  2,00
2385  4,00
2386  4,00
2387  6,00
2388  6,00
2389  2,00
2391  8,00
2392  5,00
2393  1,00
2394  3,00
2395  2,00
2396  3,00
2397  4,00
2398  2,00
2399  4,00
2400  4,00
2401  6,00
2402  3,00
2403  3,00
2404  7,00
2405  4,00
2407  6,00
2408  6,00
2409  1,00
2410  5,00
2411  7,00
2412  6,00
2413  3,00
2414  8,00
2415  5,00
2416  4,00
2417  6,00
2418  6,00
2419  2,00
2420  4,00
2421  3,00
2422  2,00
2423  1,00
2424  3,00
2425  1,00
2426  6,00
2427  6,00
2428  5,00
2429  3,00
2430  3,00
2431  4,00
2432  5,00
2433  5,00
2434  9,00
2435  2,00
2436  3,00
2437  2,00
2438  1,00
2439  2,00
2440  8,00
2441  3,00
2442  1,00
2443  4,00
2444  3,00
2445  4,00
2446  3,00
2448  2,00
2449  4,00
2450  4,00
2451  5,00
2452  4,00
2453  4,00
2454  5,00
2455  2,00
2456  7,00
2457  7,00
2458  5,00
2459  2,00
2460  2,00
2461  2,00
2462  3,00
2463  1,00
2464  2,00
2465  1,00
2466  5,00
2467  2,00
2468  4,00
2469  3,00
2470  1,00
2471  5,00
2472  2,00
2473  2,00
2474  2,00
2475  1,00
2476  6,00
2477  10,00
2478  2,00
2479  5,00
2480  3,00
2481  3,00
2482  3,00
2483  2,00
2484  3,00
2485  3,00
2486  4,00
2487  5,00
2488  3,00
2489  2,00
2490  3,00
2491  4,00
2492  5,00
2493  4,00
2494  5,00
2495  4,00
2496  2,00
2497  3,00
2498  1,00
2499  3,00
2500  2,00
2501  2,00
2502  3,00
2503  5,00
2504  3,00
2505  1,00
2506  4,00
2507  1,00
2508  3,00
2509  5,00
2510  4,00
2511  2,00
2512  2,00
2513  2,00
2514  4,00
2515  8,00
2516  2,00
2517  2,00
2518  3,00
2519  4,00
2520  4,00
2521  4,00
2522  3,00
2523  7,00
2524  4,00
2525  3,00
2526  4,00
2527  4,00
2528  6,00
2529  5,00
2530  4,00
2531  1,00
2532  1,00
2533  6,00
2534  3,00
2535  5,00
2536  3,00
2537  4,00
2538  1,00
2539  2,00
2540  2,00
2541  1,00
2542  7,00
2543  1,00
2544  1,00
2546  1,00
2547  1,00
2548  1,00
2549  3,00
2550  4,00
2551  2,00
2552  3,00
2553  3,00
2554  5,00
2555  4,00
2556  4,00
2557  4,00
2558  4,00
2559  3,00
2560  5,00
2561  2,00
2562  4,00
2563  2,00
2564  2,00
2565  2,00
2566  6,00
2567  5,00
2568  4,00
2569  4,00
2570  1,00
2571  5,00
2572  1,00
2573  2,00
2574  3,00
2575  4,00
2576  3,00
2577  2,00
2579  2,00
2580  4,00
2581  7,00
2582  4,00
2583  3,00
2584  5,00
2585  1,00
2586  2,00
2587  7,00
2588  2,00
2589  1,00
2590  4,00
2591  7,00
2592  3,00
2593  1,00
2594  2,00
2595  1,00
2596  5,00
2597  2,00
2598  3,00
2599  2,00
2600  1,00
2601  2,00
2602  4,00
2603  5,00
2604  4,00
2605  3,00
2606  3,00
2607  3,00
2609  4,00
2610  3,00
2611  6,00
2612  2,00
2613  3,00
2614  2,00
2615  2,00
2616  5,00
2617  6,00
2618  6,00
2619  2,00
2620  8,00
2621  4,00
2622  5,00
2623  4,00
2624  1,00
2625  2,00
2626  3,00
2627  1,00
2628  7,00
2629  4,00
2630  1,00
2631  1,00
2632  1,00
2633  2,00
2634  3,00
2635  4,00
2636  4,00
2637  3,00
2638  4,00
2639  4,00
2640  5,00
2641  4,00
2642  2,00
2643  4,00
2644  3,00
2645  2,00
2646  2,00
2647  1,00
2648  3,00
2650  3,00
2651  9,00
2652  3,00
2654  5,00
2655  4,00
2656  4,00
2657  2,00
2658  4,00
2659  2,00
2660  3,00
2661  2,00
2662  2,00
2663  5,00
2664  4,00
2665  2,00
2666  5,00
2667  2,00
2668  3,00
2669  2,00
2670  1,00
2671  9,00
2673  1,00
2674  6,00
2675  3,00
2676  4,00
2677  1,00
2678  1,00
2679  4,00
2680  3,00
2681  3,00
2682  2,00
2683  2,00
2684  3,00
2685  4,00
2686  3,00
2687  4,00
2688  2,00
2689  2,00
2691  3,00
2692  4,00
2693  4,00
2694  2,00
2695  3,00
2696  3,00
2697  5,00
2698  5,00
2699  2,00
2700  6,00
2701  4,00
2702  2,00
2703  2,00
2704  2,00
2705  3,00
2706  3,00
2707  3,00
2708  5,00
2709  2,00
2710  4,00
2711  4,00
2713  3,00
2714  6,00
2715  1,00
2717  3,00
2718  3,00
2719  6,00
2721  2,00
2722  2,00
2723  2,00
2724  5,00
2725  3,00
2726  4,00
2727  2,00
2728  1,00
2729  4,00
2730  4,00
2731  4,00
2732  6,00
2733  7,00
2734  3,00
2735  5,00
2736  2,00
2737  3,00
2738  4,00
2739  3,00
2740  1,00
2741  3,00
2742  4,00
2743  2,00
2744  6,00
2745  1,00
2746  3,00
2747  2,00
2749  4,00
2750  1,00
2752  3,00
2753  3,00
2754  2,00
2755  5,00
2756  1,00
2757  3,00
2758  3,00
2759  5,00
2760  3,00
2761  5,00
2762  2,00
2763  2,00
2764  3,00
2765  1,00
2766  3,00
2767  3,00
2768  3,00
2769  1,00
2770  5,00
2771  3,00
2772  1,00
2773  4,00
2774  3,00
2775  2,00
2776  3,00
2777  1,00
2778  7,00
2779  5,00
2780  2,00
2781  4,00
2782  1,00
2783  5,00
2784  4,00
2785  3,00
2786  1,00
2787  4,00
2788  3,00
2789  2,00
2790  5,00
2791  1,00
2792  2,00
2793  1,00
2794  2,00
2795  3,00
2796  7,00
2797  5,00
2798  3,00
2799  3,00
2800  4,00
2801  1,00
2802  5,00
2803  2,00
2804  6,00
2805  3,00
2806  4,00
2807  2,00
2808  3,00
2809  4,00
2812  2,00
2813  3,00
2814  4,00
2815  4,00
2816  4,00
2817  8,00
2818  7,00
2819  1,00
2820  2,00
2821  4,00
2822  5,00
2823  4,00
2824  3,00
2825  3,00
2826  4,00
2827  4,00
2828  5,00
2829  2,00
2830  2,00
2831  4,00
2832  5,00
2833  8,00
2834  3,00
2835  2,00
2836  2,00
2837  1,00
2838  1,00
2839  2,00
2840  4,00
2841  3,00
2842  3,00
2843  3,00
2844  3,00
2845  4,00
2846  1,00
2847  10,00
2848  4,00
2849  7,00
2850  3,00
2851  7,00
2852  4,00
2853  6,00
2854  3,00
2855  2,00
2856  1,00
2857  3,00
2858  3,00
2859  4,00
2860  1,00
2861  4,00
2862  3,00
2863  5,00
2864  2,00
2865  2,00
2866  6,00
2867  4,00
2868  2,00
2869  2,00
2870  4,00
2871  3,00
2872  7,00
2873  3,00
2874  3,00
2875  6,00
2876  3,00
2877  7,00
2878  5,00
2879  1,00
2880  4,00
2881  1,00
2882  4,00
2884  2,00
2885  3,00
2886  2,00
2888  1,00
2889  4,00
2891  5,00
2892  5,00
2893  3,00
2894  4,00
2895  3,00
2896  5,00
2897  1,00
2898  5,00
2899  4,00
2900  1,00
2901  4,00
2902  5,00
2903  2,00
2904  1,00
2905  5,00
2906  4,00
2907  3,00
2909  2,00
2910  2,00
2912  2,00
2913  6,00
2914  3,00
2916  6,00
2917  5,00
2918  4,00
2919  2,00
2920  1,00
2921  4,00
2922  4,00
2923  1,00
2924  1,00
2925  1,00
2927  4,00
2928  3,00
2929  4,00
2930  3,00
2931  3,00
2932  4,00
2933  4,00
2934  1,00
2935  3,00
2936  3,00
2937  1,00
2938  5,00
2939  4,00
2940  4,00
2941  2,00
2942  3,00
2943  1,00
2944  3,00
2945  4,00
2946  6,00
2947  3,00
2948  2,00
2949  3,00
2950  6,00
2951  2,00
2952  4,00
2953  6,00
2954  7,00
2955  2,00
2956  3,00
2957  4,00
2958  6,00
2959  4,00
2960  4,00
2961  5,00
2962  7,00
2963  4,00
2964  5,00
2966  3,00
2967  5,00
2968  3,00
2969  2,00
2970  4,00
2971  3,00
2972  3,00
2973  5,00
2974  6,00
2975  4,00
2976  4,00
2977  4,00
2978  5,00
2979  3,00
2980  2,00
2982  2,00
2983  6,00
2984  3,00
2985  2,00
2986  5,00
2987  5,00
2988  3,00
2989  3,00
2990  3,00
2991  1,00
2992  3,00
2993  5,00
2994  5,00
2995  4,00
2996  6,00
2997  4,00
2998  1,00
2999  1,00
3000  2,00
3001  4,00
3002  4,00
3003  3,00
3004  2,00
3005  6,00
3006  1,00
3007  3,00
3008  3,00
3009  4,00
3010  8,00
3011  3,00
3012  2,00
3013  4,00
3014  5,00
3015  3,00
3016  4,00
3017  5,00
3018  2,00
3019  3,00
3020  5,00
3021  3,00
3022  6,00
3024  3,00
3025  6,00
3026  3,00
3027  2,00
3029  3,00
3030  6,00
3032  3,00
3033  6,00
3034  4,00
3035  3,00
3036  4,00
3037  7,00
3038  3,00
3039  4,00
3040  2,00
3041  2,00
3042  5,00
3043  2,00
3044  3,00
3045  5,00
3046  7,00
3047  3,00
3048  3,00
3049  2,00
3050  4,00
3051  4,00
3052  4,00
3053  4,00
3054  3,00
3055  3,00
3057  2,00
3058  4,00
3059  3,00
3060  2,00
3061  2,00
3062  8,00
3063  3,00
3064  7,00
3065  2,00
3066  4,00
3067  7,00
3069  3,00
3071  2,00
3072  3,00
3073  1,00
3074  4,00
3075  4,00
3076  5,00
3077  2,00
3078  3,00
3079  2,00
3080  3,00
3081  4,00
3082  3,00
3083  3,00
3084  2,00
3085  3,00
3086  1,00
3087  4,00
3088  3,00
3089  2,00
3090  6,00
3091  2,00
3092  2,00
3093  5,00
3094  3,00
3095  3,00
3096  3,00
3097  2,00
3098  1,00
3099  1,00
3100  4,00
3101  8,00
3102  2,00
3103  3,00
3104  2,00
3105  1,00
3106  3,00
3107  3,00
3108  3,00
3109  3,00
3110  4,00
3111  2,00
3112  4,00
3113  4,00
3114  5,00
3115  3,00
3116  4,00
3117  4,00
3118  2,00
3119  1,00
3120  1,00
3121  2,00
3122  1,00
3123  3,00
3124  5,00
3125  4,00
3126  3,00
3127  2,00
3128  2,00
3129  3,00
3130  6,00
3131  3,00
3132  4,00
3133  2,00
3134  3,00
3135  3,00
3136  2,00
3137  5,00
3138  2,00
3139  1,00
3140  6,00
3141  1,00
3142  2,00
3143  3,00
3144  4,00
3145  5,00
3146  5,00
3147  7,00
3148  3,00
3150  5,00
3151  2,00
3152  3,00
3153  3,00
3154  1,00
3155  5,00
3156  1,00
3157  1,00
3158  1,00
3159  2,00
3160  6,00
3161  4,00
3162  4,00
3163  2,00
3164  3,00
3165  2,00
3166  2,00
3167  3,00
3168  3,00
3169  5,00
3170  2,00
3171  5,00
3172  4,00
3173  4,00
3174  3,00
3175  4,00
3176  3,00
3177  4,00
3178  1,00
3179  3,00
3180  3,00
3181  3,00
3182  7,00
3183  3,00
3184  3,00
3185  4,00
3186  1,00
3187  4,00
3188  5,00
3189  2,00
3190  4,00
3191  3,00
3192  3,00
3193  4,00
3194  3,00
3195  5,00
3196  4,00
3197  4,00
3199  7,00
3201  4,00
3202  2,00
3203  2,00
3204  2,00
3205  1,00
3207  2,00
3208  5,00
3209  3,00
3210  3,00
3211  3,00
3212  2,00
3213  2,00
3214  4,00
3215  1,00
3216  2,00
3217  4,00
3218  1,00
3219  2,00
3220  3,00
3221  5,00
3222  4,00
3224  1,00
3225  2,00
3226  3,00
3227  4,00
3228  3,00
3229  2,00
3230  3,00
3231  1,00
3232  2,00
3233  5,00
3234  2,00
3235  3,00
3236  5,00
3237  3,00
3238  2,00
3239  3,00
3240  2,00
3241  4,00
3242  3,00
3243  4,00
3244  2,00
3245  5,00
3246  4,00
3247  5,00
3248  4,00
3249  3,00
3250  4,00
3251  4,00
3252  5,00
3253  3,00
3254  2,00
3255  6,00
3256  1,00
3257  3,00
3258  3,00
3259  2,00
3260  3,00
3261  2,00
3262  3,00
3263  4,00
3264  2,00
3265  4,00
3266  1,00
3269  4,00
3270  1,00
3271  3,00
3272  2,00
3273  5,00
3274  2,00
3276  3,00
3277  2,00
3278  2,00
3279  4,00
3280  3,00
3281  4,00
3282  3,00
3283  1,00
3285  2,00
3286  4,00
3287  3,00
3288  1,00
3289  1,00
3290  3,00
3291  4,00
3292  1,00
3293  3,00
3294  3,00
3295  1,00
3296  3,00
3297  7,00
3298  4,00
3299  6,00
3300  8,00
3301  1,00
3302  3,00
3303  2,00
3304  7,00
3306  1,00
3307  2,00
3308  3,00
3309  4,00
3310  4,00
3311  3,00
3312  3,00
3313  2,00
3314  4,00
3315  5,00
3316  5,00
3317  3,00
3318  2,00
3319  4,00
3320  1,00
3321  3,00
3322  5,00
3323  2,00
3324  6,00
3326  2,00
3327  2,00
3328  1,00
3329  5,00
3330  3,00
3331  1,00
3332  2,00
3333  1,00
3334  1,00
3335  1,00
3336  10,00
3337  4,00
3338  1,00
3339  6,00
3340  3,00
3341  3,00
3343  4,00
3344  4,00
3345  1,00
3346  2,00
3347  4,00
3348  2,00
3349  3,00
3350  4,00
3351  3,00
3352  4,00
3353  5,00
3354  4,00
3355  2,00
3356  2,00
3357  5,00
3358  2,00
3360  6,00
3361  2,00
3362  3,00
3363  1,00
3364  1,00
3365  1,00
3366  3,00
3367  4,00
3368  3,00
3369  5,00
3370  3,00
3371  3,00
3372  6,00
3373  2,00
3374  4,00
3375  4,00
3376  3,00
3378  4,00
3379  2,00
3381  5,00
3382  2,00
3384  2,00
3385  2,00
3386  4,00
3387  3,00
3388  3,00
3389  1,00
3390  1,00
3391  2,00
3392  3,00
3393  2,00
3394  5,00
3395  4,00
3396  6,00
3397  5,00
3398  3,00
3399  2,00
3400  1,00
3401  4,00
3402  2,00
3403  3,00
3404  2,00
3405  1,00
3406  1,00
3407  4,00
3408  3,00
3409  2,00
3410  2,00
3412  4,00
3413  2,00
3414  1,00
3415  1,00
3416  2,00
3417  5,00
3418  2,00
3419  4,00
3420  4,00
3421  2,00
3422  5,00
3423  6,00
3424  3,00
3425  5,00
3426  4,00
3427  5,00
3428  1,00
3429  6,00
3430  2,00
3431  3,00
3432  4,00
3433  2,00
3434  4,00
3435  4,00
3436  3,00
3437  3,00
3438  1,00
3439  2,00
3440  4,00
3441  1,00
3442  4,00
3443  2,00
3444  2,00
3445  1,00
3446  1,00
3447  7,00
3448  3,00
3449  1,00
3450  3,00
3451  2,00
3452  2,00
3453  3,00
3454  2,00
3455  2,00
3456  4,00
3457  5,00
3458  4,00
3459  4,00
3460  4,00
3461  1,00
3462  1,00
3464  4,00
3465  3,00
3466  5,00
3467  2,00
3468  4,00
3469  1,00
3470  3,00
3471  2,00
3472  3,00
3473  5,00
3474  1,00
3475  2,00
3476  3,00
3477  2,00
3478  3,00
3479  1,00
3480  3,00
3481  2,00
3482  3,00
3483  3,00
3484  2,00
3485  6,00
3486  1,00
3487  4,00
3488  3,00
3489  2,00
3490  3,00
3491  3,00
3492  3,00
3493  2,00
3494  5,00
3495  7,00
3496  1,00
3497  1,00
3498  1,00
3499  4,00
3500  2,00
3501  4,00
3502  4,00
3503  4,00
3504  6,00
3505  4,00
3506  6,00
3507  1,00
3508  2,00
3509  2,00
3510  3,00
3511  4,00
3512  1,00
3513  6,00
3514  3,00
3515  5,00
3516  3,00
3517  5,00
3518  5,00
3519  2,00
3520  4,00
3521  2,00
3522  8,00
3523  5,00
3524  6,00
3525  5,00
3526  7,00
3527  2,00
3528  7,00
3529  3,00
3530  4,00
3531  4,00
3532  7,00
3533  4,00
3534  6,00
3535  3,00
3536  3,00
3537  4,00
3538  1,00
3539  6,00
3540  1,00
3541  2,00
3542  2,00
3543  5,00
3544  3,00
3545  5,00
3546  3,00
3547  3,00
3548  3,00
3549  3,00
3550  6,00
3551  5,00
3552  5,00
3553  1,00
3554  2,00
3555  1,00
3556  5,00
3557  1,00
3558  2,00
3559  6,00
3560  4,00
3561  2,00
3562  4,00
3563  2,00
3564  2,00
3565  1,00
3566  4,00
3567  3,00
3568  3,00
3569  4,00
3570  5,00
3571  1,00
3572  3,00
3573  2,00
3574  3,00
3575  2,00
3576  5,00
3577  2,00
3578  4,00
3579  5,00
3580  2,00
3581  4,00
3582  1,00
3583  3,00
3584  3,00
3585  4,00
3586  3,00
3587  4,00
3588  2,00
3589  1,00
3590  4,00
3591  4,00
3592  3,00
3593  1,00
3594  3,00
3595  3,00
3597  4,00
3598  3,00
3599  1,00
3601  2,00
3602  4,00
3603  2,00
3604  3,00
3605  1,00
3606  2,00
3607  2,00
3608  3,00
3609  2,00
3610  1,00
3611  2,00
3612  4,00
3614  3,00
3616  3,00
3617  5,00
3618  2,00
3619  3,00
3620  3,00
3621  4,00
3622  1,00
3623  4,00
3624  3,00
3625  4,00
3626  3,00
3627  1,00
3628  3,00
3629  3,00
3630  5,00
3631  5,00
3632  3,00
3633  3,00
3634  5,00
3635  4,00
3636  3,00
3637  3,00
3638  4,00
3639  4,00
3640  1,00
3641  1,00
3643  1,00
3644  2,00
3645  6,00
3646  3,00
3647  2,00
3648  1,00
3649  4,00
3650  2,00
3651  1,00
3652  4,00
3653  3,00
3654  5,00
3655  1,00
3656  3,00
3658  3,00
3659  2,00
3660  3,00
3661  2,00
3662  5,00
3663  4,00
3664  3,00
3665  3,00
3666  2,00
3667  2,00
3668  2,00
3669  3,00
3670  4,00
3671  1,00
3672  3,00
3673  3,00
3674  4,00
3675  4,00
3676  3,00
3677  8,00
3678  5,00
3679  4,00
3680  2,00
3681  4,00
3682  3,00
3683  6,00
3684  3,00
3685  3,00
3686  1,00
3687  2,00
3688  4,00
3689  3,00
3690  2,00
3691  1,00
3692  2,00
3693  5,00
3694  5,00
3695  2,00
3696  3,00
3697  3,00
3698  1,00
3700  5,00
3701  1,00
3702  4,00
3703  1,00
3704  1,00
3705  1,00
3706  2,00
3707  2,00
3708  1,00
3709  1,00
3710  4,00
3711  1,00
3712  1,00
3713  1,00
3714  1,00
3716  2,00
3717  3,00
3718  4,00
3719  2,00
3720  3,00
3721  2,00
3722  3,00
3723  2,00
3724  1,00
3725  3,00
3726  4,00
3727  3,00
3728  2,00
3729  1,00
3730  5,00
3732  5,00
3733  2,00
3734  4,00
3735  4,00
3736  4,00
3737  1,00
3738  3,00
3739  4,00
3740  2,00
3741  9,00
3742  1,00
3743  3,00
3744  2,00
3745  1,00
3746  2,00
3747  5,00
3748  2,00
3749  1,00
3750  1,00
3751  1,00
3752  5,00
3753  1,00
3754  2,00
3755  2,00
3756  4,00
3757  3,00
3759  3,00
3760  2,00
3761  4,00
3762  6,00
3763  3,00
3764  2,00
3765  5,00
3766  4,00
3767  6,00
3768  2,00
3769  3,00
3770  3,00
3771  3,00
3772  2,00
3773  1,00
3774  1,00
3775  2,00
3776  1,00
3777  7,00
3778  7,00
3779  2,00
3780  4,00
3781  2,00
3782  4,00
3783  2,00
3784  1,00
3785  1,00
3786  4,00
3787  5,00
3788  3,00
3790  2,00
3791  7,00
3792  2,00
3793  7,00
3794  3,00
3795  6,00
3796  4,00
3797  4,00
3798  5,00
3799  1,00
3800  2,00
3801  3,00
3802  3,00
3803  2,00
3804  4,00
3805  5,00
3807  2,00
3808  4,00
3809  4,00
3810  2,00
3811  2,00
3812  3,00
3813  2,00
3814  5,00
3815  3,00
3816  1,00
3817  1,00
3818  3,00
3820  4,00
3822  5,00
3824  2,00
3826  1,00
3827  2,00
3828  2,00
3829  2,00
3830  1,00
3831  3,00
3832  1,00
3833  4,00
3834  1,00
3835  2,00
3836  6,00
3837  4,00
3838  2,00
3839  1,00
3840  5,00
3841  3,00
3843  2,00
3844  5,00
3845  1,00
3846  2,00
3847  2,00
3848  2,00
3850  3,00
3851  5,00
3852  1,00
3853  5,00
3854  2,00
3855  2,00
3856  4,00
3858  3,00
3859  5,00
3860  3,00
3861  5,00
3862  3,00
3863  5,00
3864  4,00
3865  2,00
3866  2,00
3867  5,00
3868  4,00
3869  4,00
3870  2,00
3871  2,00
3873  2,00
3875  6,00
3876  5,00
3877  4,00
3878  4,00
3879  3,00
3880  3,00
3881  2,00
3882  3,00
3884  3,00
3885  4,00
3886  2,00
3887  2,00
3888  2,00
3889  1,00
3890  1,00
3891  3,00
3892  2,00
3893  2,00
3894  3,00
3895  5,00
3896  4,00
3898  5,00
3899  2,00
3901  8,00
3902  4,00
3903  2,00
3904  2,00
3905  6,00
3906  3,00
3907  2,00
3908  4,00
3910  1,00
3911  2,00
3912  4,00
3913  4,00
3914  2,00
3915  5,00
3916  4,00
3917  3,00
3918  1,00
3919  2,00
3920  4,00
3921  1,00
3922  4,00
3923  1,00
3924  5,00
3925  2,00
3926  1,00
3927  2,00
3928  3,00
3929  2,00
3930  1,00
3931  2,00
3932  2,00
3933  1,00
3934  2,00
3935  4,00
3936  5,00
3938  1,00
3939  1,00
3940  1,00
3941  4,00
3942  2,00
3943  1,00
3944  3,00
3945  4,00
3946  1,00
3947  4,00
3948  2,00
3949  2,00
3950  4,00
3951  4,00
3952  6,00
3954  3,00
3955  2,00
3956  1,00
3957  3,00
3958  2,00
3959  3,00
3960  2,00
3961  2,00
3962  1,00
3963  2,00
3964  1,00
3965  6,00
3966  2,00
3967  5,00
3968  1,00
3969  3,00
3970  2,00
3971  5,00
3972  2,00
3973  4,00
3974  2,00
3975  3,00
3976  2,00
3977  2,00
3978  4,00
3980  1,00
3981  5,00
3983  2,00
3984  5,00
3985  2,00
3986  1,00
3987  4,00
3988  4,00
3989  6,00
3990  1,00
3991  4,00
3992  2,00
3993  7,00
3995  2,00
3996  2,00
3997  2,00
3998  1,00
3999  3,00
4000  2,00
4001  3,00
4002  1,00
4003  1,00
4004  5,00
4005  2,00
4006  3,00
4007  2,00
4008  1,00
4009  3,00
4010  6,00
4011  1,00
4012  1,00
4013  3,00
4014  2,00
4015  1,00
4016  2,00
4017  2,00
4018  6,00
4019  3,00
4020  4,00
4022  1,00
4023  5,00
4024  4,00
4025  2,00
4026  2,00
4027  3,00
4028  7,00
4029  4,00
4030  2,00
4031  2,00
4032  2,00
4033  1,00
4034  3,00
4035  1,00
4036  3,00
4037  3,00
4038  3,00
4040  2,00
4041  4,00
4042  1,00
4043  2,00
4044  3,00
4045  3,00
4046  2,00
4047  2,00
4048  1,00
4049  2,00
4051  4,00
4052  2,00
4053  3,00
4054  3,00
4056  1,00
4057  6,00
4059  3,00
4061  2,00
4062  5,00
4063  2,00
4065  3,00
4066  1,00
4067  2,00
4068  1,00
4069  2,00
4070  4,00
4071  1,00
4073  3,00
4074  3,00
4075  1,00
4076  1,00
4077  2,00
4078  1,00
4079  3,00
4080  1,00
4081  1,00
4082  2,00
4083  3,00
4084  2,00
4085  1,00
4086  2,00
4087  2,00
4088  1,00
4089  1,00
4090  3,00
4091  1,00
4092  2,00
4093  1,00
4094  3,00
4095  2,00
4097  5,00
4098  2,00
4099  1,00
4101  4,00
4104  1,00
4105  1,00
4106  4,00
4107  3,00
4109  1,00
4110  1,00
4111  5,00
4112  5,00
4113  3,00
4114  1,00
4115  1,00
4116  3,00
4117  3,00
4118  1,00
4119  4,00
4120  3,00
4122  4,00
4123  2,00
4126  4,00
4128  2,00
4129  3,00
4130  2,00
4131  2,00
4132  1,00
4133  1,00
4134  2,00
4135  3,00
4136  3,00
4137  3,00
4139  3,00
4141  3,00
4143  4,00
4144  3,00
4145  2,00
4147  3,00
4148  2,00
4149  1,00
4151  2,00
4152  4,00
4154  2,00
4155  3,00
4156  2,00
4157  1,00
4159  1,00
4160  2,00
4161  5,00
4162  2,00
4163  1,00
4164  1,00
4166  1,00
4167  3,00
4169  3,00
4170  1,00
4171  5,00
4172  1,00
4173  2,00
4174  1,00
4175  3,00
4176  1,00
4177  3,00
4178  4,00
4179  1,00
4180  3,00
4181  1,00
4182  1,00
4183  3,00
4184  2,00
4185  2,00
4186  3,00
4187  4,00
4188  5,00
4190  1,00
4191  2,00
4192  2,00
4193  1,00
4194  2,00
4195  5,00
4196  2,00
4197  1,00
4198  3,00
4199  2,00
4201  2,00
4202  1,00
4206  2,00
4208  3,00
4209  2,00
4210  3,00
4211  4,00
4212  1,00
4213  1,00
4214  1,00
4215  1,00
4216  3,00
4217  1,00
4219  2,00
4220  3,00
4221  2,00
4222  2,00
4223  2,00
4224  1,00
4227  3,00
4228  1,00
4229  2,00
4230  3,00
4232  1,00
4233  1,00
4234  1,00
4235  3,00
4237  1,00
4238  3,00
4239  4,00
4240  1,00
4241  2,00
4243  4,00
4244  2,00
4246  1,00
4248  2,00
4249  3,00
4250  2,00
4251  2,00
4252  4,00
4253  3,00
4254  1,00
4255  2,00
4258  1,00
4259  2,00
4260  2,00
4261  1,00
4262  1,00
4263  2,00
4264  1,00
4265  2,00
4267  2,00
4268  2,00
4269  1,00
4271  2,00
4272  4,00
4275  2,00
4277  2,00
4278  1,00
4279  2,00
4280  4,00
4281  2,00
4284  2,00
4285  1,00
4286  3,00
4287  4,00
4288  4,00
4289  1,00
4291  1,00
4292  3,00
4294  3,00
4295  3,00
4296  1,00
4297  3,00
4298  1,00
4300  3,00
4301  1,00
4302  1,00
4303  2,00
4304  1,00
4305  1,00
4306  3,00
4307  2,00
4308  4,00
4309  3,00
4310  1,00
4311  2,00
4312  2,00
4313  3,00
4314  1,00
4317  1,00
4318  2,00
4319  3,00
4320  1,00
4321  1,00
4322  1,00
4324  1,00
4325  2,00
4326  2,00
4327  2,00
4328  1,00
4329  1,00
4330  1,00
4331  2,00
4332  1,00
4334  2,00
4335  2,00
4336  2,00
4337  1,00
4338  3,00
4339  1,00
4340  1,00
4341  3,00
4342  1,00
4344  1,00
4346  3,00
4347  1,00
4348  1,00
4349  2,00
4350  4,00
4351  1,00
4352  1,00
4354  1,00
4355  1,00
4356  2,00
4358  1,00
4360  4,00
4361  1,00
4363  1,00
4364  2,00
4365  2,00
4366  3,00
4367  2,00
4369  2,00
4370  1,00
4371  1,00
4374  3,00
4377  2,00
4379  1,00
4380  2,00
4381  1,00
4384  2,00
4386  1,00
4388  1,00
4389  2,00
4390  3,00
4391  1,00
4394  1,00
4395  2,00
4397  4,00
4398  1,00
4400  1,00
4401  2,00
4403  2,00
4406  2,00
4407  2,00
4408  2,00
4409  1,00
4411  3,00
4413  2,00
4414  1,00
4415  4,00
4416  2,00
4418  1,00
4422  1,00
4423  1,00
4424  2,00
4427  1,00
4428  2,00
4429  1,00
4431  2,00
4433  1,00
4434  2,00
4435  1,00
4437  2,00
4438  1,00
4439  1,00
4441  2,00
4443  3,00
4445  2,00
4447  4,00
4448  3,00
4450  3,00
4451  4,00
4453  2,00
4454  2,00
4455  1,00
4457  2,00
4458  2,00
4459  1,00
4461  3,00
4464  1,00
4465  1,00
4466  1,00
4467  1,00
4468  1,00
4470  2,00
4475  2,00
4477  2,00
4482  1,00
4483  2,00
4484  2,00
4487  2,00
4488  1,00
4489  2,00
4490  2,00
4491  2,00
4493  4,00
4495  1,00
4499  1,00
4500  2,00
4501  2,00
4502  1,00
4503  1,00
4504  2,00
4505  1,00
4508  2,00
4509  1,00
4510  3,00
4511  1,00
4512  1,00
4513  1,00
4514  1,00
4516  1,00
4518  1,00
4519  1,00
4521  1,00
4522  1,00
4524  2,00
4526  3,00
4527  2,00
4529  1,00
4531  1,00
4532  3,00
4533  2,00
4534  1,00
4535  1,00
4536  2,00
4537  1,00
4539  1,00
4541  1,00
4543  2,00
4544  1,00
4545  2,00
4547  2,00
4550  2,00
4551  2,00
4553  1,00
4555  1,00
4556  1,00
4558  1,00
4559  1,00
4560  4,00
4561  1,00
4562  1,00
4563  2,00
4568  3,00
4570  1,00
4571  1,00
4574  1,00
4577  2,00
4579  3,00
4582  1,00
4583  2,00
4586  1,00
4587  1,00
4588  1,00
4589  1,00
4592  1,00
4594  1,00
4596  2,00
4598  1,00
4599  1,00
4601  1,00
4602  4,00
4603  1,00
4605  2,00
4607  1,00
4608  1,00
4609  1,00
4615  2,00
4616  1,00
4617  1,00
4619  2,00
4624  1,00
4625  2,00
4626  1,00
4627  3,00
4631  1,00
4632  1,00
4633  1,00
4634  2,00
4635  1,00
4636  1,00
4637  2,00
4639  1,00
4640  1,00
4641  1,00
4643  2,00
4644  2,00
4645  2,00
4646  2,00
4651  1,00
4653  2,00
4654  1,00
4655  2,00
4656  3,00
4658  3,00
4659  1,00
4660  1,00
4664  1,00
4666  1,00
4667  1,00
4668  2,00
4669  1,00
4671  1,00
4672  2,00
4674  1,00
4677  2,00
4678  1,00
4681  2,00
4682  1,00
4683  1,00
4684  1,00
4686  2,00
4687  1,00
4688  2,00
4693  1,00
4694  1,00
4701  2,00
4703  1,00
4705  1,00
4707  1,00
4708  1,00
4709  1,00
4711  1,00
4713  1,00
4716  1,00
4717  2,00
4719  1,00
4722  2,00
4724  1,00
4727  2,00
4728  2,00
4729  1,00
4734  1,00
4737  1,00
4738  1,00
4739  1,00
4740  1,00
4742  2,00
4746  2,00
4748  1,00
4749  1,00
4750  1,00
4752  1,00
4755  1,00
4756  2,00
4758  1,00
4759  2,00
4760  1,00
4764  1,00
4766  1,00
4770  1,00
4771  1,00
4772  1,00
4774  1,00
4777  1,00
4778  1,00
4780  1,00
4786  1,00
4790  1,00
4792  1,00
4797  1,00
4800  1,00
4801  2,00
4806  1,00
4810  1,00
4815  1,00
4816  2,00
4820  1,00
4822  1,00
4824  2,00
4825  1,00
4826  1,00
4829  1,00
4832  1,00
4834  2,00
4835  1,00
4839  1,00
4840  1,00
4842  4,00
4844  1,00
4846  1,00
4853  1,00
4854  1,00
4855  1,00
4859  1,00
4862  1,00
4878  2,00
4879  1,00
4893  1,00
4902  1,00
4908  2,00
4912  1,00
4917  1,00
4919  1,00
4941  2,00
4943  1,00
4944  1,00
4946  1,00
4952  1,00
4962  1,00
4976  1,00
4977  1,00
4979  1,00
4982  1,00
5000  1,00
5002  1,00
5017  1,00
5019  1,00
5024  1,00
5029  1,00
5034  1,00
5054  1,00
5068  1,00
5078  1,00
5080  1,00
5081  1,00
5138  1,00
5260  1,00
