1  149340,00
2  12987,00
3  5140,00
4  2438,00
5  1276,00
6  760,00
7  433,00
8  313,00
9  187,00
10  123,00
11  88,00
12  72,00
13  59,00
14  42,00
15  30,00
16  34,00
17  20,00
18  25,00
19  11,00
20  11,00
21  5,00
22  8,00
23  6,00
24  8,00
25  4,00
26  3,00
27  3,00
28  2,00
29  4,00
30  1,00
31  4,00
32  2,00
33  2,00
34  2,00
38  1,00
39  1,00
40  1,00
45  1,00
52  1,00
61  1,00
62  1,00
64  1,00
65  1,00
7810  1,00
7814  1,00
7820  1,00
7822  1,00
7827  1,00
7831  1,00
7832  1,00
7833  1,00
7836  1,00
7840  1,00
7843  1,00
7844  2,00
7848  2,00
7850  2,00
7852  1,00
7853  1,00
7855  1,00
7857  4,00
7858  3,00
7859  3,00
7860  3,00
7861  2,00
7862  8,00
7863  5,00
7864  3,00
7865  2,00
7867  6,00
7868  6,00
7869  3,00
7870  6,00
7871  6,00
7872  7,00
7873  6,00
7874  7,00
7875  5,00
7876  3,00
7877  6,00
7878  8,00
7879  6,00
7880  5,00
7881  6,00
7882  12,00
7883  6,00
7884  6,00
7885  8,00
7886  11,00
7887  13,00
7888  11,00
7889  9,00
7890  10,00
7891  17,00
7892  12,00
7893  18,00
7894  23,00
7895  10,00
7896  14,00
7897  19,00
7898  14,00
7899  14,00
7900  14,00
7901  18,00
7902  17,00
7903  22,00
7904  27,00
7905  21,00
7906  25,00
7907  16,00
7908  29,00
7909  13,00
7910  29,00
7911  29,00
7912  34,00
7913  30,00
7914  38,00
7915  29,00
7916  41,00
7917  29,00
7918  41,00
7919  37,00
7920  38,00
7921  42,00
7922  44,00
7923  35,00
7924  44,00
7925  40,00
7926  47,00
7927  44,00
7928  47,00
7929  48,00
7930  41,00
7931  53,00
7932  51,00
7933  46,00
7934  60,00
7935  71,00
7936  65,00
7937  67,00
7938  47,00
7939  58,00
7940  51,00
7941  49,00
7942  70,00
7943  68,00
7944  74,00
7945  71,00
7946  74,00
7947  62,00
7948  72,00
7949  81,00
7950  95,00
7951  74,00
7952  77,00
7953  72,00
7954  75,00
7955  85,00
7956  76,00
7957  60,00
7958  100,00
7959  92,00
7960  81,00
7961  94,00
7962  93,00
7963  91,00
7964  81,00
7965  81,00
7966  90,00
7967  112,00
7968  78,00
7969  77,00
7970  84,00
7971  83,00
7972  85,00
7973  102,00
7974  84,00
7975  88,00
7976  98,00
7977  90,00
7978  84,00
7979  99,00
7980  91,00
7981  92,00
7982  105,00
7983  107,00
7984  99,00
7985  102,00
7986  92,00
7987  86,00
7988  102,00
7989  106,00
7990  81,00
7991  93,00
7992  83,00
7993  87,00
7994  78,00
7995  90,00
7996  88,00
7997  89,00
7998  88,00
7999  80,00
8000  84,00
8001  84,00
8002  83,00
8003  74,00
8004  68,00
8005  67,00
8006  85,00
8007  71,00
8008  81,00
8009  78,00
8010  66,00
8011  57,00
8012  67,00
8013  51,00
8014  67,00
8015  66,00
8016  66,00
8017  70,00
8018  57,00
8019  70,00
8020  56,00
8021  49,00
8022  50,00
8023  53,00
8024  46,00
8025  48,00
8026  48,00
8027  41,00
8028  38,00
8029  46,00
8030  39,00
8031  49,00
8032  52,00
8033  39,00
8034  39,00
8035  44,00
8036  32,00
8037  52,00
8038  39,00
8039  26,00
8040  42,00
8041  30,00
8042  35,00
8043  32,00
8044  26,00
8045  32,00
8046  17,00
8047  25,00
8048  22,00
8049  24,00
8050  26,00
8051  20,00
8052  15,00
8053  19,00
8054  25,00
8055  10,00
8056  16,00
8057  21,00
8058  8,00
8059  11,00
8060  18,00
8061  14,00
8062  18,00
8063  10,00
8064  11,00
8065  12,00
8066  9,00
8067  14,00
8068  15,00
8069  7,00
8070  4,00
8071  7,00
8072  8,00
8073  6,00
8074  6,00
8075  4,00
8076  5,00
8077  6,00
8078  3,00
8079  3,00
8080  3,00
8081  5,00
8082  7,00
8083  5,00
8084  3,00
8085  5,00
8086  7,00
8087  7,00
8088  4,00
8089  5,00
8090  3,00
8091  2,00
8092  1,00
8093  3,00
8095  3,00
8096  1,00
8097  1,00
8098  1,00
8099  4,00
8100  1,00
8102  2,00
8104  1,00
8105  1,00
8108  1,00
8111  2,00
8114  1,00
8134  1,00
8148  1,00
