1  5320583,00
2  1549878,00
3  967560,00
4  645653,00
5  458675,00
6  340561,00
7  261017,00
8  206035,00
9  164948,00
10  135270,00
11  111652,00
12  92966,00
13  78848,00
14  66658,00
15  57261,00
16  49220,00
17  42522,00
18  36939,00
19  32225,00
20  28165,00
21  24848,00
22  21585,00
23  19207,00
24  17168,00
25  14988,00
26  13463,00
27  11854,00
28  10632,00
29  9526,00
30  8580,00
31  7474,00
32  6693,00
33  6170,00
34  5463,00
35  4948,00
36  4522,00
37  4035,00
38  3635,00
39  3220,00
40  2877,00
41  2606,00
42  2403,00
43  2115,00
44  1952,00
45  1695,00
46  1567,00
47  1478,00
48  1293,00
49  1293,00
50  1142,00
51  990,00
52  917,00
53  856,00
54  775,00
55  636,00
56  668,00
57  626,00
58  550,00
59  466,00
60  423,00
61  453,00
62  347,00
63  323,00
64  330,00
65  251,00
66  239,00
67  219,00
68  180,00
69  176,00
70  171,00
71  168,00
72  161,00
73  130,00
74  124,00
75  127,00
76  100,00
77  90,00
78  107,00
79  89,00
80  78,00
81  73,00
82  69,00
83  77,00
84  49,00
85  53,00
86  41,00
87  41,00
88  30,00
89  28,00
90  25,00
91  33,00
92  45,00
93  23,00
94  21,00
95  23,00
96  27,00
97  18,00
98  20,00
99  10,00
100  14,00
101  18,00
102  11,00
103  11,00
104  7,00
105  15,00
106  14,00
107  5,00
108  6,00
109  8,00
110  7,00
111  6,00
112  2,00
113  7,00
114  4,00
116  5,00
117  1,00
118  3,00
119  2,00
120  3,00
121  1,00
122  2,00
123  2,00
124  5,00
125  2,00
126  4,00
127  2,00
128  2,00
130  1,00
131  3,00
133  1,00
134  1,00
137  2,00
141  1,00
142  1,00
144  1,00
146  1,00
154  2,00
158  1,00
167  1,00
174  1,00
183  1,00
