1  7322609,00
2  2161761,00
3  1216155,00
4  734367,00
5  466097,00
6  309829,00
7  211685,00
8  148258,00
9  105553,00
10  76097,00
11  55932,00
12  41418,00
13  30725,00
14  23154,00
15  17486,00
16  13127,00
17  10193,00
18  7814,00
19  5982,00
20  4526,00
21  3472,00
22  2729,00
23  2081,00
24  1597,00
25  1286,00
26  952,00
27  725,00
28  571,00
29  469,00
30  380,00
31  313,00
32  239,00
33  183,00
34  153,00
35  103,00
36  97,00
37  69,00
38  52,00
39  36,00
40  35,00
41  29,00
42  26,00
43  13,00
44  12,00
45  13,00
46  8,00
47  10,00
48  2,00
49  3,00
50  1,00
52  2,00
53  1,00
54  3,00
55  3,00
62  1,00
63  1,00
64  1,00
