1  1628590,00
2  333521,00
3  195236,00
4  124730,00
5  86572,00
6  62684,00
7  48089,00
8  37816,00
9  30590,00
10  25700,00
11  21887,00
12  18298,00
13  15750,00
14  13788,00
15  12292,00
16  10891,00
17  9929,00
18  8773,00
19  7807,00
20  7202,00
21  6558,00
22  5965,00
23  5578,00
24  5189,00
25  4891,00
26  4422,00
27  4132,00
28  3887,00
29  3606,00
30  3405,00
31  3184,00
32  2970,00
33  2907,00
34  2635,00
35  2542,00
36  2517,00
37  2283,00
38  2241,00
39  2019,00
40  2058,00
41  1886,00
42  1785,00
43  1740,00
44  1596,00
45  1604,00
46  1614,00
47  1461,00
48  1373,00
49  1389,00
50  1314,00
51  1245,00
52  1169,00
53  1225,00
54  1105,00
55  1120,00
56  1062,00
57  1030,00
58  1007,00
59  950,00
60  884,00
61  894,00
62  878,00
63  833,00
64  840,00
65  770,00
66  781,00
67  752,00
68  760,00
69  701,00
70  708,00
71  679,00
72  699,00
73  626,00
74  594,00
75  627,00
76  628,00
77  565,00
78  560,00
79  571,00
80  545,00
81  555,00
82  533,00
83  469,00
84  504,00
85  505,00
86  484,00
87  454,00
88  444,00
89  445,00
90  441,00
91  412,00
92  393,00
93  395,00
94  402,00
95  408,00
96  433,00
97  380,00
98  395,00
99  377,00
100  380,00
101  396,00
102  348,00
103  309,00
104  316,00
105  311,00
106  314,00
107  318,00
108  287,00
109  316,00
110  314,00
111  318,00
112  291,00
113  264,00
114  285,00
115  288,00
116  263,00
117  308,00
118  285,00
119  270,00
120  258,00
121  272,00
122  236,00
123  239,00
124  258,00
125  255,00
126  229,00
127  205,00
128  233,00
129  217,00
130  206,00
131  208,00
132  217,00
133  234,00
134  201,00
135  212,00
136  224,00
137  215,00
138  211,00
139  210,00
140  202,00
141  189,00
142  195,00
143  198,00
144  194,00
145  194,00
146  174,00
147  188,00
148  182,00
149  187,00
150  170,00
151  171,00
152  196,00
153  178,00
154  153,00
155  169,00
156  154,00
157  165,00
158  125,00
159  155,00
160  153,00
161  168,00
162  157,00
163  150,00
164  167,00
165  142,00
166  142,00
167  134,00
168  151,00
169  158,00
170  153,00
171  121,00
172  146,00
173  131,00
174  115,00
175  148,00
176  141,00
177  122,00
178  122,00
179  136,00
180  110,00
181  116,00
182  131,00
183  124,00
184  126,00
185  117,00
186  119,00
187  122,00
188  130,00
189  120,00
190  115,00
191  93,00
192  101,00
193  115,00
194  107,00
195  89,00
196  112,00
197  125,00
198  115,00
199  103,00
200  106,00
201  102,00
202  110,00
203  110,00
204  97,00
205  89,00
206  77,00
207  100,00
208  98,00
209  100,00
210  88,00
211  104,00
212  88,00
213  87,00
214  108,00
215  96,00
216  84,00
217  81,00
218  86,00
219  89,00
220  84,00
221  91,00
222  87,00
223  89,00
224  91,00
225  104,00
226  79,00
227  77,00
228  79,00
229  81,00
230  65,00
231  73,00
232  82,00
233  71,00
234  90,00
235  91,00
236  79,00
237  67,00
238  70,00
239  82,00
240  67,00
241  68,00
242  70,00
243  66,00
244  74,00
245  68,00
246  76,00
247  81,00
248  68,00
249  63,00
250  58,00
251  61,00
252  62,00
253  69,00
254  66,00
255  77,00
256  50,00
257  58,00
258  67,00
259  61,00
260  67,00
261  63,00
262  70,00
263  59,00
264  74,00
265  52,00
266  66,00
267  54,00
268  57,00
269  62,00
270  49,00
271  56,00
272  42,00
273  54,00
274  65,00
275  63,00
276  71,00
277  74,00
278  68,00
279  60,00
280  42,00
281  47,00
282  60,00
283  63,00
284  49,00
285  49,00
286  58,00
287  47,00
288  65,00
289  55,00
290  50,00
291  54,00
292  56,00
293  62,00
294  45,00
295  63,00
296  52,00
297  65,00
298  48,00
299  64,00
300  48,00
301  56,00
302  47,00
303  33,00
304  50,00
305  45,00
306  49,00
307  43,00
308  59,00
309  57,00
310  38,00
311  48,00
312  50,00
313  46,00
314  48,00
315  51,00
316  43,00
317  38,00
318  47,00
319  51,00
320  48,00
321  44,00
322  41,00
323  31,00
324  43,00
325  38,00
326  48,00
327  40,00
328  27,00
329  39,00
330  44,00
331  35,00
332  48,00
333  45,00
334  40,00
335  42,00
336  41,00
337  29,00
338  39,00
339  40,00
340  40,00
341  37,00
342  39,00
343  36,00
344  40,00
345  35,00
346  43,00
347  33,00
348  47,00
349  33,00
350  41,00
351  39,00
352  33,00
353  34,00
354  43,00
355  36,00
356  30,00
357  30,00
358  37,00
359  33,00
360  36,00
361  30,00
362  54,00
363  46,00
364  44,00
365  37,00
366  35,00
367  32,00
368  45,00
369  32,00
370  47,00
371  45,00
372  33,00
373  43,00
374  33,00
375  32,00
376  45,00
377  30,00
378  40,00
379  28,00
380  31,00
381  33,00
382  32,00
383  29,00
384  38,00
385  33,00
386  25,00
387  35,00
388  30,00
389  45,00
390  33,00
391  33,00
392  39,00
393  21,00
394  30,00
395  23,00
396  24,00
397  28,00
398  35,00
399  40,00
400  28,00
401  24,00
402  31,00
403  28,00
404  28,00
405  28,00
406  26,00
407  28,00
408  22,00
409  37,00
410  23,00
411  28,00
412  34,00
413  31,00
414  22,00
415  25,00
416  30,00
417  26,00
418  29,00
419  32,00
420  29,00
421  20,00
422  24,00
423  27,00
424  19,00
425  23,00
426  28,00
427  32,00
428  18,00
429  27,00
430  18,00
431  30,00
432  34,00
433  25,00
434  26,00
435  26,00
436  28,00
437  22,00
438  21,00
439  22,00
440  36,00
441  28,00
442  26,00
443  28,00
444  28,00
445  26,00
446  33,00
447  23,00
448  22,00
449  28,00
450  22,00
451  27,00
452  21,00
453  23,00
454  28,00
455  15,00
456  24,00
457  19,00
458  30,00
459  16,00
460  26,00
461  24,00
462  28,00
463  28,00
464  16,00
465  21,00
466  27,00
467  21,00
468  18,00
469  20,00
470  19,00
471  22,00
472  19,00
473  22,00
474  21,00
475  15,00
476  27,00
477  25,00
478  25,00
479  22,00
480  18,00
481  21,00
482  15,00
483  20,00
484  30,00
485  17,00
486  21,00
487  23,00
488  15,00
489  21,00
490  31,00
491  22,00
492  14,00
493  19,00
494  13,00
495  29,00
496  26,00
497  27,00
498  24,00
499  13,00
500  14,00
501  25,00
502  17,00
503  21,00
504  20,00
505  23,00
506  24,00
507  25,00
508  24,00
509  20,00
510  15,00
511  16,00
512  15,00
513  23,00
514  20,00
515  24,00
516  24,00
517  23,00
518  22,00
519  10,00
520  26,00
521  19,00
522  17,00
523  17,00
524  13,00
525  18,00
526  23,00
527  14,00
528  23,00
529  16,00
530  10,00
531  13,00
532  22,00
533  12,00
534  17,00
535  26,00
536  16,00
537  18,00
538  15,00
539  20,00
540  16,00
541  20,00
542  16,00
543  13,00
544  17,00
545  17,00
546  14,00
547  16,00
548  17,00
549  10,00
550  17,00
551  21,00
552  23,00
553  18,00
554  17,00
555  19,00
556  16,00
557  21,00
558  13,00
559  21,00
560  12,00
561  15,00
562  16,00
563  25,00
564  18,00
565  16,00
566  17,00
567  16,00
568  21,00
569  17,00
570  15,00
571  17,00
572  14,00
573  18,00
574  17,00
575  17,00
576  10,00
577  10,00
578  13,00
579  12,00
580  17,00
581  17,00
582  21,00
583  16,00
584  13,00
585  15,00
586  12,00
587  21,00
588  21,00
589  13,00
590  22,00
591  18,00
592  18,00
593  18,00
594  11,00
595  13,00
596  18,00
597  18,00
598  8,00
599  20,00
600  18,00
601  16,00
602  15,00
603  15,00
604  11,00
605  12,00
606  18,00
607  23,00
608  20,00
609  22,00
610  21,00
611  17,00
612  23,00
613  17,00
614  17,00
615  15,00
616  17,00
617  26,00
618  15,00
619  9,00
620  16,00
621  22,00
622  9,00
623  28,00
624  16,00
625  11,00
626  13,00
627  16,00
628  16,00
629  13,00
630  13,00
631  12,00
632  14,00
633  13,00
634  12,00
635  16,00
636  13,00
637  17,00
638  14,00
639  11,00
640  15,00
641  12,00
642  10,00
643  15,00
644  10,00
645  7,00
646  18,00
647  15,00
648  11,00
649  15,00
650  15,00
651  12,00
652  12,00
653  13,00
654  11,00
655  18,00
656  17,00
657  13,00
658  12,00
659  11,00
660  16,00
661  8,00
662  16,00
663  7,00
664  9,00
665  11,00
666  17,00
667  14,00
668  13,00
669  13,00
670  17,00
671  7,00
672  11,00
673  11,00
674  18,00
675  12,00
676  13,00
677  9,00
678  11,00
679  11,00
680  9,00
681  9,00
682  13,00
683  12,00
684  15,00
685  17,00
686  18,00
687  11,00
688  7,00
689  8,00
690  6,00
691  15,00
692  13,00
693  13,00
694  8,00
695  20,00
696  6,00
697  12,00
698  13,00
699  11,00
700  13,00
701  12,00
702  9,00
703  7,00
704  9,00
705  14,00
706  8,00
707  14,00
708  16,00
709  12,00
710  10,00
711  9,00
712  7,00
713  15,00
714  11,00
715  5,00
716  10,00
717  6,00
718  10,00
719  9,00
720  11,00
721  16,00
722  14,00
723  12,00
724  12,00
725  14,00
726  7,00
727  13,00
728  5,00
729  8,00
730  12,00
731  13,00
732  5,00
733  11,00
734  13,00
735  7,00
736  10,00
737  8,00
738  14,00
739  11,00
740  19,00
741  11,00
742  13,00
743  16,00
744  10,00
745  10,00
746  7,00
747  6,00
748  10,00
749  11,00
750  10,00
751  8,00
752  10,00
753  8,00
754  9,00
755  11,00
756  13,00
757  14,00
758  11,00
759  7,00
760  14,00
761  16,00
762  2,00
763  11,00
764  10,00
765  5,00
766  10,00
767  13,00
768  7,00
769  16,00
770  7,00
771  7,00
772  10,00
773  6,00
774  12,00
775  8,00
776  2,00
777  11,00
778  9,00
779  4,00
780  8,00
781  9,00
782  9,00
783  13,00
784  5,00
785  7,00
786  10,00
787  12,00
788  14,00
789  7,00
790  4,00
791  9,00
792  6,00
793  8,00
794  9,00
795  12,00
796  8,00
797  13,00
798  3,00
799  14,00
800  6,00
801  7,00
802  3,00
803  12,00
804  9,00
805  8,00
806  9,00
807  7,00
808  8,00
809  10,00
810  8,00
811  9,00
812  10,00
813  7,00
814  1,00
815  8,00
816  7,00
817  4,00
818  12,00
819  11,00
820  10,00
821  8,00
822  5,00
823  10,00
824  7,00
825  9,00
826  8,00
827  11,00
828  8,00
829  10,00
830  12,00
831  8,00
832  7,00
833  9,00
834  4,00
835  8,00
836  13,00
837  9,00
838  14,00
839  7,00
840  8,00
841  8,00
842  6,00
843  9,00
844  10,00
845  9,00
846  13,00
847  10,00
848  8,00
849  5,00
850  8,00
851  3,00
852  7,00
853  7,00
854  7,00
855  8,00
856  12,00
857  7,00
858  3,00
859  6,00
860  5,00
861  4,00
862  9,00
863  12,00
864  14,00
865  11,00
866  9,00
867  10,00
868  7,00
869  8,00
870  14,00
871  7,00
872  9,00
873  9,00
874  11,00
875  9,00
876  9,00
877  9,00
878  6,00
879  5,00
880  14,00
881  6,00
882  7,00
883  11,00
884  11,00
885  11,00
886  15,00
887  8,00
888  7,00
889  7,00
890  7,00
891  8,00
892  5,00
893  4,00
894  7,00
895  8,00
896  7,00
897  8,00
898  5,00
899  9,00
900  10,00
901  8,00
902  8,00
903  8,00
904  7,00
905  5,00
906  5,00
907  6,00
908  8,00
909  9,00
910  4,00
911  7,00
912  8,00
913  12,00
914  12,00
915  5,00
916  14,00
917  7,00
918  7,00
919  9,00
920  11,00
921  4,00
922  10,00
923  7,00
924  9,00
925  6,00
926  6,00
927  7,00
928  10,00
929  4,00
930  8,00
931  8,00
932  2,00
933  9,00
934  2,00
935  6,00
936  6,00
937  9,00
938  9,00
939  12,00
940  4,00
941  4,00
942  6,00
943  9,00
944  5,00
945  14,00
946  5,00
947  12,00
948  4,00
949  5,00
950  9,00
951  11,00
952  6,00
953  4,00
954  11,00
955  7,00
956  9,00
957  7,00
958  7,00
959  5,00
960  5,00
961  8,00
962  7,00
963  7,00
964  5,00
965  4,00
966  7,00
967  8,00
968  6,00
969  3,00
970  9,00
971  4,00
972  9,00
973  8,00
974  6,00
975  6,00
976  4,00
977  4,00
978  6,00
979  11,00
980  4,00
981  7,00
982  8,00
983  6,00
984  6,00
985  3,00
986  3,00
987  7,00
988  7,00
989  5,00
990  4,00
991  6,00
992  8,00
993  4,00
994  10,00
995  8,00
996  8,00
997  5,00
998  7,00
999  8,00
1000  6,00
1001  9,00
1002  10,00
1003  10,00
1004  7,00
1005  10,00
1006  9,00
1007  7,00
1008  7,00
1009  8,00
1010  2,00
1011  6,00
1012  5,00
1013  7,00
1014  10,00
1015  7,00
1016  5,00
1017  6,00
1018  6,00
1019  5,00
1020  4,00
1021  5,00
1022  8,00
1023  10,00
1024  8,00
1025  3,00
1026  6,00
1027  7,00
1028  6,00
1029  10,00
1030  2,00
1031  7,00
1032  2,00
1033  10,00
1034  5,00
1035  7,00
1036  5,00
1037  7,00
1038  4,00
1039  5,00
1040  11,00
1041  4,00
1042  5,00
1043  4,00
1044  6,00
1045  2,00
1046  9,00
1047  8,00
1048  5,00
1049  7,00
1050  7,00
1051  7,00
1052  6,00
1053  3,00
1054  4,00
1055  8,00
1056  3,00
1057  6,00
1058  4,00
1059  9,00
1060  3,00
1061  7,00
1062  9,00
1063  6,00
1064  5,00
1065  6,00
1066  4,00
1067  7,00
1068  7,00
1069  6,00
1070  9,00
1071  9,00
1072  2,00
1073  2,00
1074  7,00
1075  6,00
1076  3,00
1077  3,00
1078  6,00
1079  5,00
1080  5,00
1081  8,00
1082  5,00
1083  5,00
1084  11,00
1085  8,00
1086  7,00
1087  3,00
1088  6,00
1089  8,00
1090  4,00
1091  8,00
1092  5,00
1093  1,00
1094  5,00
1095  8,00
1096  8,00
1097  11,00
1098  8,00
1099  6,00
1100  7,00
1101  8,00
1102  6,00
1103  9,00
1104  5,00
1105  6,00
1106  5,00
1107  8,00
1108  8,00
1109  6,00
1110  8,00
1111  6,00
1112  12,00
1113  6,00
1114  6,00
1115  6,00
1116  4,00
1117  10,00
1118  5,00
1119  8,00
1120  2,00
1121  7,00
1122  8,00
1123  3,00
1124  9,00
1125  4,00
1126  5,00
1127  8,00
1128  7,00
1129  2,00
1130  6,00
1131  4,00
1132  6,00
1133  7,00
1134  7,00
1135  6,00
1136  4,00
1137  7,00
1138  2,00
1139  5,00
1140  7,00
1141  5,00
1142  3,00
1143  8,00
1144  6,00
1145  5,00
1146  4,00
1147  3,00
1148  5,00
1149  8,00
1150  1,00
1151  9,00
1152  5,00
1153  8,00
1154  2,00
1155  5,00
1156  2,00
1157  3,00
1158  3,00
1159  6,00
1160  7,00
1161  7,00
1162  4,00
1163  6,00
1164  3,00
1165  6,00
1166  6,00
1167  1,00
1168  8,00
1169  4,00
1170  4,00
1171  4,00
1172  2,00
1173  4,00
1174  5,00
1175  5,00
1176  1,00
1177  6,00
1178  5,00
1179  3,00
1180  5,00
1181  6,00
1182  5,00
1183  2,00
1184  7,00
1185  5,00
1186  9,00
1187  6,00
1188  1,00
1189  3,00
1190  2,00
1191  4,00
1192  9,00
1193  4,00
1194  5,00
1195  3,00
1196  4,00
1197  3,00
1198  10,00
1199  6,00
1200  4,00
1201  1,00
1202  4,00
1203  9,00
1204  5,00
1205  4,00
1206  4,00
1207  2,00
1208  6,00
1209  3,00
1210  4,00
1211  6,00
1212  3,00
1213  5,00
1214  5,00
1215  4,00
1216  5,00
1217  7,00
1218  3,00
1219  3,00
1220  2,00
1221  2,00
1222  2,00
1223  6,00
1224  4,00
1225  1,00
1227  5,00
1228  3,00
1229  2,00
1230  4,00
1231  5,00
1232  2,00
1233  1,00
1234  2,00
1235  7,00
1236  4,00
1237  4,00
1238  1,00
1239  8,00
1240  7,00
1241  5,00
1242  3,00
1243  7,00
1244  7,00
1245  4,00
1246  3,00
1247  5,00
1248  6,00
1249  8,00
1250  1,00
1251  11,00
1252  5,00
1253  5,00
1254  9,00
1255  3,00
1256  7,00
1257  5,00
1258  5,00
1259  6,00
1260  6,00
1261  3,00
1262  9,00
1263  3,00
1264  2,00
1265  6,00
1266  2,00
1267  5,00
1268  5,00
1269  5,00
1270  2,00
1271  5,00
1272  3,00
1273  5,00
1274  7,00
1275  4,00
1276  8,00
1277  1,00
1278  2,00
1279  3,00
1280  3,00
1281  1,00
1282  7,00
1283  7,00
1284  3,00
1285  2,00
1286  4,00
1287  5,00
1288  4,00
1289  6,00
1290  5,00
1291  7,00
1292  9,00
1293  5,00
1294  4,00
1295  1,00
1296  4,00
1297  3,00
1298  5,00
1299  5,00
1300  4,00
1301  2,00
1302  1,00
1303  5,00
1304  2,00
1305  2,00
1306  4,00
1307  4,00
1308  5,00
1309  4,00
1310  6,00
1311  3,00
1312  1,00
1313  6,00
1314  5,00
1315  10,00
1316  1,00
1317  3,00
1318  2,00
1319  10,00
1320  4,00
1321  6,00
1322  3,00
1323  1,00
1324  7,00
1325  3,00
1326  2,00
1327  2,00
1328  4,00
1329  6,00
1330  3,00
1331  3,00
1332  4,00
1333  3,00
1334  3,00
1335  5,00
1336  4,00
1337  5,00
1338  1,00
1339  7,00
1340  3,00
1341  2,00
1342  4,00
1343  3,00
1344  1,00
1345  2,00
1346  4,00
1347  7,00
1348  4,00
1349  3,00
1350  5,00
1351  5,00
1352  3,00
1353  2,00
1354  2,00
1355  6,00
1356  5,00
1357  6,00
1358  2,00
1359  5,00
1360  8,00
1361  3,00
1362  5,00
1363  4,00
1364  2,00
1365  8,00
1366  3,00
1367  3,00
1368  3,00
1369  1,00
1370  2,00
1371  2,00
1372  3,00
1373  4,00
1374  6,00
1375  2,00
1376  2,00
1377  6,00
1378  1,00
1379  5,00
1380  3,00
1381  2,00
1382  5,00
1383  2,00
1384  2,00
1385  5,00
1386  5,00
1387  3,00
1388  6,00
1389  3,00
1390  3,00
1391  5,00
1392  5,00
1393  7,00
1394  3,00
1395  7,00
1396  3,00
1397  7,00
1398  9,00
1399  6,00
1400  2,00
1401  6,00
1402  5,00
1403  3,00
1404  2,00
1405  3,00
1406  1,00
1407  4,00
1408  3,00
1409  1,00
1410  5,00
1411  7,00
1412  6,00
1413  1,00
1414  5,00
1415  3,00
1416  1,00
1417  9,00
1418  1,00
1419  4,00
1420  3,00
1421  4,00
1422  5,00
1423  7,00
1425  3,00
1426  5,00
1427  5,00
1428  2,00
1431  5,00
1432  2,00
1433  2,00
1434  3,00
1435  2,00
1436  2,00
1437  7,00
1438  1,00
1439  5,00
1440  2,00
1441  1,00
1442  2,00
1443  2,00
1444  3,00
1445  4,00
1446  3,00
1447  4,00
1448  2,00
1449  1,00
1450  1,00
1451  7,00
1452  3,00
1453  6,00
1454  2,00
1455  3,00
1456  2,00
1457  5,00
1458  2,00
1459  4,00
1460  2,00
1461  3,00
1462  6,00
1463  6,00
1464  4,00
1465  2,00
1466  6,00
1467  5,00
1468  1,00
1469  5,00
1470  4,00
1471  4,00
1472  6,00
1473  3,00
1474  4,00
1475  1,00
1476  3,00
1477  4,00
1478  7,00
1479  2,00
1481  3,00
1482  2,00
1483  1,00
1484  1,00
1486  4,00
1487  3,00
1488  6,00
1489  7,00
1490  3,00
1491  5,00
1492  7,00
1494  5,00
1495  3,00
1496  2,00
1497  4,00
1498  3,00
1499  3,00
1500  3,00
1501  1,00
1502  6,00
1503  4,00
1504  7,00
1505  5,00
1506  3,00
1507  3,00
1508  1,00
1509  4,00
1510  1,00
1511  4,00
1512  3,00
1513  1,00
1514  4,00
1515  4,00
1518  2,00
1519  2,00
1520  3,00
1521  2,00
1522  4,00
1523  2,00
1525  5,00
1526  3,00
1527  6,00
1528  1,00
1529  1,00
1530  6,00
1532  6,00
1533  2,00
1534  4,00
1535  3,00
1536  3,00
1537  3,00
1538  6,00
1539  3,00
1540  1,00
1541  3,00
1542  3,00
1543  2,00
1544  4,00
1545  6,00
1546  3,00
1547  4,00
1548  1,00
1550  3,00
1551  1,00
1552  5,00
1553  3,00
1554  3,00
1555  6,00
1556  8,00
1557  4,00
1558  2,00
1559  2,00
1560  1,00
1561  2,00
1562  5,00
1563  5,00
1564  2,00
1565  1,00
1566  3,00
1567  6,00
1568  3,00
1569  2,00
1570  6,00
1571  4,00
1572  2,00
1574  2,00
1575  1,00
1576  5,00
1577  3,00
1578  2,00
1579  2,00
1580  5,00
1581  4,00
1582  4,00
1583  2,00
1584  2,00
1585  5,00
1586  1,00
1587  4,00
1588  5,00
1589  3,00
1591  1,00
1592  3,00
1593  2,00
1594  1,00
1595  2,00
1596  3,00
1597  1,00
1598  3,00
1599  2,00
1600  5,00
1601  4,00
1602  3,00
1603  4,00
1604  3,00
1605  4,00
1606  3,00
1607  2,00
1608  2,00
1609  4,00
1610  4,00
1611  3,00
1612  2,00
1613  6,00
1614  10,00
1615  2,00
1616  3,00
1618  5,00
1619  2,00
1620  2,00
1622  3,00
1623  4,00
1624  3,00
1625  5,00
1626  3,00
1627  3,00
1628  8,00
1629  4,00
1630  3,00
1631  8,00
1632  6,00
1633  3,00
1634  2,00
1635  2,00
1636  5,00
1637  3,00
1638  1,00
1639  3,00
1640  5,00
1641  5,00
1642  5,00
1643  2,00
1644  4,00
1645  1,00
1646  2,00
1647  5,00
1648  1,00
1649  7,00
1650  3,00
1651  1,00
1652  3,00
1653  2,00
1654  3,00
1655  2,00
1656  3,00
1657  2,00
1658  4,00
1659  5,00
1660  2,00
1661  6,00
1662  3,00
1663  7,00
1664  1,00
1665  2,00
1666  5,00
1667  4,00
1668  1,00
1669  4,00
1670  7,00
1671  2,00
1672  5,00
1673  1,00
1674  6,00
1675  2,00
1676  3,00
1677  1,00
1678  3,00
1679  4,00
1680  3,00
1681  4,00
1682  1,00
1683  1,00
1684  1,00
1685  4,00
1686  2,00
1687  1,00
1689  4,00
1690  2,00
1691  3,00
1692  3,00
1693  1,00
1694  5,00
1695  5,00
1696  4,00
1697  4,00
1699  3,00
1700  4,00
1701  1,00
1702  4,00
1703  4,00
1704  5,00
1705  2,00
1706  8,00
1707  8,00
1708  3,00
1709  1,00
1710  3,00
1711  3,00
1712  3,00
1713  6,00
1714  2,00
1715  5,00
1716  5,00
1717  4,00
1718  6,00
1719  2,00
1720  4,00
1721  4,00
1723  3,00
1724  6,00
1725  4,00
1726  4,00
1727  3,00
1728  2,00
1729  1,00
1730  6,00
1731  3,00
1732  1,00
1733  2,00
1734  2,00
1735  4,00
1737  5,00
1738  3,00
1739  6,00
1740  3,00
1741  4,00
1742  2,00
1743  3,00
1745  1,00
1747  2,00
1748  1,00
1749  3,00
1750  6,00
1751  3,00
1752  1,00
1753  5,00
1754  2,00
1755  1,00
1756  1,00
1757  1,00
1758  2,00
1759  3,00
1760  3,00
1761  3,00
1762  2,00
1763  1,00
1764  1,00
1766  3,00
1767  1,00
1768  5,00
1769  4,00
1770  4,00
1771  1,00
1772  2,00
1773  5,00
1774  2,00
1775  3,00
1776  3,00
1777  6,00
1778  3,00
1779  4,00
1780  3,00
1781  4,00
1782  1,00
1783  2,00
1784  3,00
1786  2,00
1787  5,00
1788  3,00
1789  3,00
1790  4,00
1791  2,00
1792  1,00
1793  3,00
1794  4,00
1795  1,00
1796  4,00
1797  1,00
1798  2,00
1799  3,00
1800  5,00
1801  3,00
1802  2,00
1803  4,00
1804  3,00
1806  3,00
1807  3,00
1808  5,00
1809  1,00
1810  4,00
1811  5,00
1812  4,00
1813  1,00
1814  2,00
1815  6,00
1816  1,00
1817  1,00
1818  3,00
1819  2,00
1820  1,00
1821  2,00
1822  4,00
1823  3,00
1825  5,00
1826  3,00
1827  3,00
1828  2,00
1829  4,00
1830  1,00
1831  3,00
1832  2,00
1833  3,00
1834  2,00
1835  1,00
1836  5,00
1837  2,00
1839  1,00
1840  4,00
1841  4,00
1842  2,00
1843  3,00
1844  4,00
1845  4,00
1846  4,00
1847  3,00
1848  4,00
1849  10,00
1850  1,00
1851  6,00
1852  3,00
1853  4,00
1854  3,00
1855  3,00
1856  5,00
1857  6,00
1858  3,00
1859  3,00
1860  5,00
1861  1,00
1862  6,00
1863  3,00
1864  3,00
1865  5,00
1866  3,00
1867  1,00
1868  1,00
1869  3,00
1870  1,00
1871  2,00
1872  2,00
1873  4,00
1874  3,00
1875  2,00
1876  3,00
1877  3,00
1878  8,00
1879  2,00
1880  3,00
1881  1,00
1882  3,00
1883  5,00
1884  4,00
1885  2,00
1886  3,00
1887  3,00
1888  5,00
1889  3,00
1890  4,00
1891  4,00
1892  4,00
1893  4,00
1894  5,00
1895  2,00
1896  5,00
1897  6,00
1898  5,00
1899  3,00
1900  2,00
1901  3,00
1902  2,00
1903  1,00
1904  1,00
1905  4,00
1906  6,00
1907  7,00
1908  4,00
1909  4,00
1910  3,00
1911  3,00
1912  4,00
1913  4,00
1914  3,00
1915  2,00
1916  4,00
1917  4,00
1918  3,00
1919  8,00
1920  3,00
1921  3,00
1922  1,00
1923  4,00
1924  3,00
1925  3,00
1926  12,00
1927  5,00
1928  1,00
1929  3,00
1930  6,00
1931  2,00
1932  4,00
1933  4,00
1934  5,00
1935  4,00
1936  5,00
1937  4,00
1938  4,00
1939  2,00
1940  7,00
1941  1,00
1942  4,00
1943  1,00
1945  2,00
1946  1,00
1947  3,00
1948  3,00
1949  2,00
1950  2,00
1951  4,00
1952  1,00
1953  1,00
1954  2,00
1956  3,00
1958  4,00
1959  8,00
1960  2,00
1961  2,00
1962  3,00
1963  3,00
1964  1,00
1965  2,00
1966  2,00
1967  3,00
1968  4,00
1969  1,00
1970  5,00
1971  2,00
1972  1,00
1973  2,00
1974  8,00
1975  1,00
1976  1,00
1977  3,00
1978  5,00
1979  2,00
1980  2,00
1981  1,00
1982  7,00
1983  3,00
1984  2,00
1985  1,00
1986  7,00
1987  1,00
1988  4,00
1989  4,00
1990  4,00
1991  2,00
1992  1,00
1993  5,00
1995  3,00
1996  1,00
1998  3,00
1999  2,00
2000  1,00
2001  7,00
2002  1,00
2003  3,00
2004  5,00
2005  3,00
2006  3,00
2007  2,00
2008  5,00
2009  5,00
2010  3,00
2011  2,00
2012  1,00
2013  2,00
2014  3,00
2015  4,00
2016  7,00
2017  7,00
2018  4,00
2019  4,00
2020  3,00
2021  2,00
2022  1,00
2023  4,00
2024  3,00
2025  6,00
2026  4,00
2027  3,00
2028  4,00
2029  3,00
2030  2,00
2032  1,00
2033  1,00
2034  3,00
2035  3,00
2036  3,00
2037  3,00
2038  4,00
2039  3,00
2040  3,00
2041  5,00
2042  4,00
2044  3,00
2045  5,00
2046  2,00
2047  8,00
2048  2,00
2049  3,00
2050  3,00
2051  4,00
2052  2,00
2053  3,00
2054  3,00
2055  2,00
2056  1,00
2057  1,00
2058  1,00
2059  2,00
2060  3,00
2061  3,00
2063  4,00
2065  1,00
2067  2,00
2068  7,00
2069  3,00
2070  3,00
2071  1,00
2072  3,00
2073  2,00
2074  2,00
2075  3,00
2076  1,00
2077  2,00
2078  1,00
2079  2,00
2080  2,00
2081  2,00
2082  3,00
2083  1,00
2084  3,00
2085  1,00
2086  3,00
2087  4,00
2088  3,00
2089  1,00
2090  3,00
2091  1,00
2092  3,00
2093  4,00
2094  2,00
2095  3,00
2096  1,00
2097  1,00
2098  3,00
2099  1,00
2100  2,00
2101  4,00
2102  3,00
2103  2,00
2104  5,00
2105  5,00
2107  2,00
2108  4,00
2110  6,00
2111  7,00
2112  1,00
2113  5,00
2114  2,00
2115  3,00
2117  3,00
2118  6,00
2119  2,00
2120  1,00
2121  1,00
2122  3,00
2123  1,00
2124  3,00
2125  6,00
2126  1,00
2127  6,00
2128  2,00
2129  8,00
2130  2,00
2131  4,00
2132  1,00
2133  1,00
2134  5,00
2135  4,00
2136  3,00
2137  3,00
2138  6,00
2139  5,00
2140  2,00
2141  5,00
2142  2,00
2143  5,00
2145  2,00
2146  2,00
2147  2,00
2148  4,00
2149  2,00
2150  2,00
2151  1,00
2152  1,00
2153  2,00
2154  1,00
2155  2,00
2156  4,00
2160  5,00
2161  5,00
2162  6,00
2163  1,00
2164  1,00
2165  3,00
2166  6,00
2167  3,00
2168  1,00
2169  4,00
2170  3,00
2171  5,00
2172  2,00
2173  2,00
2174  2,00
2175  4,00
2176  4,00
2177  3,00
2178  4,00
2179  2,00
2180  4,00
2181  1,00
2182  6,00
2183  2,00
2184  4,00
2185  1,00
2186  2,00
2187  2,00
2188  3,00
2189  3,00
2190  1,00
2191  3,00
2192  3,00
2193  2,00
2194  3,00
2195  3,00
2196  1,00
2197  4,00
2198  2,00
2199  4,00
2201  2,00
2202  3,00
2203  3,00
2204  2,00
2205  2,00
2206  2,00
2207  3,00
2208  3,00
2209  2,00
2210  1,00
2211  2,00
2213  1,00
2215  1,00
2216  3,00
2217  3,00
2218  4,00
2219  1,00
2220  5,00
2221  6,00
2222  2,00
2223  1,00
2224  1,00
2225  2,00
2226  2,00
2227  2,00
2228  3,00
2229  5,00
2231  3,00
2232  3,00
2233  1,00
2234  2,00
2235  2,00
2236  2,00
2237  2,00
2238  2,00
2239  1,00
2240  1,00
2241  2,00
2242  4,00
2243  3,00
2244  3,00
2245  6,00
2246  2,00
2247  2,00
2248  3,00
2249  2,00
2250  1,00
2251  3,00
2252  3,00
2253  2,00
2254  1,00
2255  2,00
2256  1,00
2257  3,00
2258  3,00
2259  2,00
2260  2,00
2261  3,00
2262  6,00
2263  5,00
2264  2,00
2265  2,00
2266  1,00
2267  2,00
2268  5,00
2269  3,00
2270  5,00
2271  3,00
2272  6,00
2273  2,00
2274  1,00
2275  2,00
2276  2,00
2277  1,00
2278  1,00
2279  3,00
2280  2,00
2281  5,00
2282  2,00
2283  1,00
2284  2,00
2285  2,00
2286  3,00
2287  6,00
2288  2,00
2289  4,00
2290  3,00
2291  3,00
2292  3,00
2293  6,00
2294  4,00
2295  1,00
2296  3,00
2297  2,00
2298  3,00
2299  3,00
2300  3,00
2301  3,00
2302  2,00
2303  2,00
2304  3,00
2305  4,00
2306  1,00
2307  1,00
2308  2,00
2309  1,00
2310  4,00
2311  2,00
2312  5,00
2315  1,00
2316  3,00
2317  5,00
2318  2,00
2319  2,00
2320  1,00
2322  4,00
2323  2,00
2324  2,00
2325  1,00
2326  2,00
2327  2,00
2328  2,00
2330  3,00
2331  3,00
2332  1,00
2333  1,00
2334  2,00
2335  4,00
2336  4,00
2337  2,00
2338  3,00
2339  3,00
2340  4,00
2341  5,00
2342  3,00
2343  5,00
2344  4,00
2345  2,00
2346  5,00
2347  2,00
2348  2,00
2349  3,00
2350  1,00
2351  2,00
2352  4,00
2353  2,00
2354  5,00
2355  3,00
2356  3,00
2357  2,00
2358  2,00
2359  2,00
2360  1,00
2361  4,00
2362  2,00
2363  3,00
2364  1,00
2365  4,00
2366  1,00
2368  2,00
2369  1,00
2370  1,00
2371  2,00
2372  1,00
2373  5,00
2374  3,00
2376  5,00
2377  1,00
2378  3,00
2379  6,00
2380  2,00
2381  3,00
2382  3,00
2383  4,00
2386  5,00
2387  2,00
2388  1,00
2389  4,00
2391  3,00
2392  5,00
2393  2,00
2394  3,00
2395  4,00
2396  5,00
2397  3,00
2398  6,00
2399  2,00
2400  4,00
2401  2,00
2402  2,00
2403  3,00
2404  1,00
2405  2,00
2406  2,00
2407  3,00
2408  2,00
2412  1,00
2413  3,00
2414  2,00
2416  3,00
2417  2,00
2418  3,00
2419  2,00
2420  3,00
2421  2,00
2422  4,00
2423  2,00
2424  4,00
2425  3,00
2426  3,00
2427  8,00
2428  4,00
2429  1,00
2430  1,00
2431  4,00
2432  1,00
2433  3,00
2434  3,00
2435  1,00
2436  4,00
2437  3,00
2438  3,00
2439  2,00
2440  1,00
2441  4,00
2442  4,00
2443  5,00
2444  4,00
2445  2,00
2446  1,00
2447  4,00
2448  5,00
2449  1,00
2450  4,00
2451  3,00
2452  3,00
2453  2,00
2454  4,00
2455  3,00
2456  3,00
2457  2,00
2458  2,00
2459  5,00
2460  3,00
2461  5,00
2462  1,00
2463  3,00
2464  5,00
2466  2,00
2467  1,00
2468  2,00
2469  4,00
2470  2,00
2471  5,00
2472  1,00
2473  5,00
2475  1,00
2476  4,00
2478  1,00
2479  2,00
2480  2,00
2481  9,00
2482  3,00
2483  4,00
2484  5,00
2485  5,00
2486  4,00
2487  4,00
2488  2,00
2490  2,00
2491  3,00
2492  3,00
2494  4,00
2495  3,00
2496  1,00
2498  2,00
2499  5,00
2500  3,00
2501  3,00
2502  1,00
2503  1,00
2504  1,00
2505  3,00
2506  2,00
2507  1,00
2508  5,00
2509  1,00
2510  4,00
2511  1,00
2512  3,00
2513  2,00
2514  2,00
2515  3,00
2516  2,00
2517  2,00
2518  2,00
2519  3,00
2520  3,00
2521  2,00
2522  2,00
2523  3,00
2524  1,00
2525  1,00
2527  6,00
2528  1,00
2530  3,00
2531  4,00
2532  1,00
2533  1,00
2534  3,00
2535  3,00
2536  1,00
2537  3,00
2538  3,00
2539  2,00
2540  2,00
2541  2,00
2542  2,00
2543  4,00
2544  4,00
2545  7,00
2546  3,00
2547  4,00
2548  1,00
2549  2,00
2550  2,00
2552  3,00
2553  2,00
2554  7,00
2555  3,00
2556  1,00
2557  2,00
2559  3,00
2560  2,00
2561  3,00
2562  1,00
2563  1,00
2564  1,00
2565  1,00
2566  2,00
2567  1,00
2568  3,00
2569  3,00
2570  3,00
2571  1,00
2572  2,00
2573  3,00
2574  6,00
2576  5,00
2577  5,00
2578  2,00
2579  1,00
2580  4,00
2581  4,00
2582  6,00
2583  2,00
2584  3,00
2585  1,00
2586  4,00
2588  1,00
2589  2,00
2590  1,00
2591  4,00
2592  6,00
2593  3,00
2594  4,00
2595  3,00
2596  4,00
2597  1,00
2598  1,00
2599  2,00
2600  2,00
2601  6,00
2602  6,00
2603  6,00
2604  6,00
2605  3,00
2607  5,00
2609  1,00
2610  3,00
2611  1,00
2612  1,00
2613  3,00
2614  4,00
2615  2,00
2616  1,00
2617  1,00
2618  4,00
2619  5,00
2620  3,00
2621  4,00
2622  1,00
2623  3,00
2625  2,00
2626  1,00
2627  2,00
2628  1,00
2629  3,00
2630  2,00
2631  2,00
2632  2,00
2634  1,00
2635  4,00
2636  2,00
2637  3,00
2638  2,00
2639  5,00
2641  2,00
2642  3,00
2643  1,00
2644  2,00
2645  7,00
2646  2,00
2648  3,00
2649  1,00
2650  1,00
2651  2,00
2652  6,00
2653  4,00
2655  4,00
2656  1,00
2657  3,00
2658  3,00
2659  3,00
2660  4,00
2661  1,00
2662  5,00
2663  3,00
2664  5,00
2665  2,00
2666  4,00
2667  2,00
2668  2,00
2669  3,00
2670  2,00
2671  3,00
2672  4,00
2673  1,00
2674  2,00
2675  4,00
2676  2,00
2677  2,00
2678  4,00
2679  3,00
2680  5,00
2681  4,00
2682  2,00
2683  2,00
2684  1,00
2685  1,00
2686  2,00
2687  2,00
2688  2,00
2689  6,00
2690  3,00
2692  5,00
2693  3,00
2694  4,00
2695  6,00
2696  5,00
2697  3,00
2698  1,00
2699  4,00
2700  7,00
2701  3,00
2702  3,00
2703  2,00
2704  1,00
2705  2,00
2706  2,00
2707  1,00
2708  3,00
2709  3,00
2710  2,00
2711  5,00
2712  2,00
2713  6,00
2714  1,00
2715  2,00
2716  3,00
2717  3,00
2718  1,00
2719  4,00
2721  1,00
2723  4,00
2724  4,00
2725  2,00
2726  2,00
2727  2,00
2728  1,00
2730  2,00
2732  1,00
2733  3,00
2734  3,00
2735  2,00
2736  3,00
2737  4,00
2738  3,00
2739  6,00
2740  3,00
2741  3,00
2742  1,00
2743  3,00
2744  2,00
2745  1,00
2746  1,00
2747  2,00
2748  3,00
2749  3,00
2750  4,00
2751  2,00
2752  5,00
2753  6,00
2754  3,00
2755  8,00
2756  1,00
2757  3,00
2758  2,00
2759  4,00
2760  2,00
2761  3,00
2762  3,00
2763  1,00
2766  2,00
2767  4,00
2768  3,00
2769  2,00
2770  2,00
2771  2,00
2772  3,00
2773  3,00
2774  1,00
2775  7,00
2776  5,00
2777  4,00
2778  5,00
2779  4,00
2780  2,00
2781  3,00
2782  1,00
2783  3,00
2785  3,00
2786  3,00
2787  3,00
2788  3,00
2789  2,00
2790  3,00
2791  3,00
2792  7,00
2794  3,00
2795  4,00
2796  2,00
2797  1,00
2798  2,00
2799  4,00
2800  2,00
2801  4,00
2802  4,00
2803  2,00
2804  5,00
2805  1,00
2806  4,00
2807  1,00
2808  2,00
2809  7,00
2811  4,00
2812  7,00
2814  1,00
2815  1,00
2816  4,00
2817  6,00
2818  2,00
2819  3,00
2820  3,00
2821  2,00
2822  1,00
2823  3,00
2824  1,00
2825  1,00
2826  3,00
2827  2,00
2828  2,00
2829  3,00
2830  2,00
2831  2,00
2832  5,00
2833  4,00
2834  2,00
2835  4,00
2837  4,00
2838  2,00
2839  2,00
2840  1,00
2841  7,00
2842  2,00
2843  2,00
2844  3,00
2845  1,00
2846  3,00
2847  1,00
2848  3,00
2849  2,00
2850  3,00
2851  4,00
2852  6,00
2853  3,00
2854  2,00
2855  3,00
2856  2,00
2857  7,00
2858  3,00
2859  1,00
2861  3,00
2862  5,00
2863  3,00
2864  5,00
2865  2,00
2866  3,00
2867  2,00
2868  2,00
2869  4,00
2871  2,00
2872  2,00
2873  4,00
2874  2,00
2875  3,00
2876  3,00
2877  4,00
2878  7,00
2879  2,00
2880  2,00
2881  4,00
2882  5,00
2883  2,00
2884  2,00
2885  2,00
2886  1,00
2887  2,00
2888  8,00
2889  5,00
2890  1,00
2891  3,00
2893  1,00
2895  4,00
2896  2,00
2897  3,00
2898  5,00
2899  3,00
2900  2,00
2901  4,00
2904  2,00
2905  3,00
2906  2,00
2907  1,00
2908  3,00
2909  4,00
2910  4,00
2911  4,00
2912  1,00
2913  2,00
2914  3,00
2915  1,00
2916  8,00
2917  2,00
2918  3,00
2919  1,00
2920  2,00
2921  1,00
2922  3,00
2923  4,00
2924  1,00
2926  5,00
2927  2,00
2928  2,00
2929  5,00
2930  4,00
2931  2,00
2933  2,00
2934  4,00
2935  4,00
2936  1,00
2937  3,00
2938  5,00
2939  2,00
2940  2,00
2941  3,00
2942  1,00
2943  6,00
2944  2,00
2945  1,00
2946  4,00
2947  3,00
2948  4,00
2949  3,00
2950  6,00
2951  1,00
2952  1,00
2953  2,00
2954  3,00
2955  2,00
2956  1,00
2957  3,00
2958  2,00
2959  4,00
2960  2,00
2961  2,00
2962  2,00
2963  4,00
2964  3,00
2965  5,00
2966  5,00
2967  4,00
2968  5,00
2970  2,00
2971  4,00
2972  2,00
2973  1,00
2974  1,00
2975  1,00
2976  5,00
2977  5,00
2978  3,00
2979  5,00
2980  6,00
2981  5,00
2983  4,00
2984  5,00
2985  5,00
2986  4,00
2987  1,00
2988  4,00
2989  1,00
2990  4,00
2991  4,00
2992  1,00
2993  2,00
2994  4,00
2995  2,00
2998  3,00
2999  2,00
3000  3,00
3001  2,00
3002  3,00
3003  7,00
3004  3,00
3005  2,00
3006  2,00
3007  3,00
3008  3,00
3009  4,00
3010  3,00
3011  2,00
3013  4,00
3014  5,00
3015  2,00
3016  3,00
3017  3,00
3019  2,00
3020  5,00
3021  2,00
3022  2,00
3023  1,00
3024  3,00
3025  6,00
3026  3,00
3027  3,00
3028  4,00
3029  4,00
3030  4,00
3031  3,00
3032  3,00
3033  2,00
3034  5,00
3035  2,00
3036  3,00
3037  6,00
3038  8,00
3039  3,00
3040  5,00
3041  2,00
3042  6,00
3043  1,00
3044  2,00
3045  5,00
3046  5,00
3047  3,00
3048  3,00
3050  1,00
3051  2,00
3052  1,00
3053  2,00
3055  1,00
3057  4,00
3058  1,00
3059  5,00
3060  2,00
3061  4,00
3062  2,00
3063  1,00
3064  2,00
3065  2,00
3066  2,00
3067  1,00
3068  6,00
3069  3,00
3070  3,00
3071  3,00
3072  3,00
3074  4,00
3075  2,00
3076  4,00
3077  2,00
3078  2,00
3079  4,00
3080  5,00
3081  1,00
3082  4,00
3083  6,00
3084  3,00
3085  2,00
3086  6,00
3087  3,00
3088  4,00
3089  2,00
3090  1,00
3091  3,00
3092  3,00
3093  2,00
3094  5,00
3095  1,00
3096  5,00
3097  7,00
3098  3,00
3099  2,00
3100  4,00
3101  4,00
3102  3,00
3104  5,00
3105  4,00
3106  2,00
3107  1,00
3108  1,00
3109  2,00
3110  5,00
3111  3,00
3112  2,00
3113  1,00
3114  1,00
3115  2,00
3116  2,00
3117  3,00
3118  1,00
3119  2,00
3120  2,00
3121  2,00
3122  2,00
3123  1,00
3124  4,00
3125  2,00
3126  1,00
3127  2,00
3128  2,00
3129  2,00
3131  2,00
3132  3,00
3133  2,00
3134  1,00
3135  3,00
3136  3,00
3137  5,00
3138  2,00
3139  5,00
3140  1,00
3141  3,00
3142  2,00
3143  2,00
3144  4,00
3145  1,00
3146  5,00
3147  4,00
3148  3,00
3150  4,00
3151  2,00
3152  2,00
3153  5,00
3154  2,00
3155  1,00
3156  4,00
3157  4,00
3158  1,00
3159  5,00
3160  1,00
3161  4,00
3162  8,00
3163  1,00
3164  6,00
3165  3,00
3166  3,00
3167  4,00
3168  5,00
3169  1,00
3170  3,00
3171  2,00
3172  4,00
3173  5,00
3175  5,00
3176  4,00
3177  3,00
3178  4,00
3179  2,00
3180  3,00
3181  4,00
3182  1,00
3183  5,00
3184  5,00
3185  4,00
3186  3,00
3187  1,00
3188  4,00
3189  1,00
3190  4,00
3191  3,00
3192  2,00
3193  1,00
3194  5,00
3195  1,00
3196  9,00
3197  6,00
3198  6,00
3199  3,00
3200  4,00
3201  4,00
3202  1,00
3204  2,00
3205  7,00
3206  3,00
3207  3,00
3208  2,00
3209  9,00
3210  2,00
3211  2,00
3212  1,00
3213  1,00
3214  3,00
3215  3,00
3216  1,00
3217  4,00
3218  2,00
3219  2,00
3220  6,00
3221  3,00
3222  7,00
3223  4,00
3224  3,00
3225  4,00
3226  3,00
3227  1,00
3228  2,00
3229  2,00
3230  2,00
3231  5,00
3232  3,00
3233  1,00
3234  6,00
3235  2,00
3236  3,00
3237  2,00
3238  2,00
3239  2,00
3240  3,00
3241  4,00
3242  3,00
3243  4,00
3244  5,00
3245  1,00
3246  3,00
3247  4,00
3248  3,00
3249  3,00
3250  2,00
3251  3,00
3252  2,00
3253  2,00
3254  1,00
3255  5,00
3256  6,00
3257  5,00
3258  2,00
3259  2,00
3260  2,00
3261  2,00
3262  2,00
3263  5,00
3265  2,00
3266  3,00
3267  3,00
3269  3,00
3270  1,00
3271  8,00
3272  6,00
3273  6,00
3275  6,00
3276  4,00
3277  1,00
3278  2,00
3279  3,00
3280  4,00
3281  3,00
3282  7,00
3283  5,00
3285  1,00
3286  3,00
3287  3,00
3288  1,00
3289  2,00
3290  2,00
3291  1,00
3292  6,00
3293  1,00
3294  1,00
3295  3,00
3296  2,00
3297  3,00
3298  2,00
3299  2,00
3300  3,00
3302  2,00
3303  5,00
3304  4,00
3305  8,00
3306  2,00
3307  1,00
3308  2,00
3309  1,00
3310  5,00
3311  3,00
3312  2,00
3313  2,00
3314  2,00
3315  2,00
3316  1,00
3317  4,00
3318  4,00
3319  2,00
3320  4,00
3322  2,00
3323  2,00
3324  1,00
3325  2,00
3326  2,00
3328  2,00
3329  1,00
3330  5,00
3331  3,00
3332  4,00
3333  3,00
3334  5,00
3335  1,00
3337  4,00
3338  2,00
3339  3,00
3340  1,00
3341  6,00
3342  2,00
3343  5,00
3344  3,00
3345  2,00
3346  4,00
3347  2,00
3348  5,00
3349  4,00
3350  5,00
3351  3,00
3352  1,00
3353  6,00
3354  4,00
3355  5,00
3356  6,00
3357  2,00
3359  4,00
3360  2,00
3361  5,00
3362  3,00
3363  1,00
3364  3,00
3365  5,00
3366  3,00
3367  3,00
3369  2,00
3370  3,00
3371  1,00
3372  6,00
3373  3,00
3374  7,00
3375  3,00
3376  4,00
3377  2,00
3378  3,00
3379  2,00
3380  4,00
3381  3,00
3382  4,00
3383  5,00
3384  7,00
3385  1,00
3386  1,00
3387  1,00
3388  8,00
3389  4,00
3390  6,00
3391  3,00
3392  5,00
3393  5,00
3395  3,00
3396  7,00
3397  1,00
3398  2,00
3399  2,00
3400  7,00
3401  2,00
3402  4,00
3403  5,00
3404  7,00
3405  2,00
3406  2,00
3407  5,00
3408  2,00
3409  4,00
3410  4,00
3411  1,00
3412  1,00
3413  3,00
3414  3,00
3415  4,00
3416  2,00
3417  3,00
3418  4,00
3419  5,00
3420  8,00
3421  1,00
3422  6,00
3423  3,00
3424  5,00
3425  2,00
3426  6,00
3427  3,00
3428  1,00
3429  4,00
3430  4,00
3431  3,00
3432  2,00
3433  2,00
3434  3,00
3435  3,00
3436  4,00
3437  3,00
3438  4,00
3439  4,00
3440  2,00
3441  4,00
3443  5,00
3444  1,00
3446  2,00
3447  4,00
3448  4,00
3449  5,00
3450  4,00
3451  3,00
3452  3,00
3453  3,00
3454  3,00
3455  2,00
3456  3,00
3457  3,00
3458  3,00
3459  3,00
3460  8,00
3461  3,00
3462  1,00
3463  4,00
3464  3,00
3465  2,00
3466  4,00
3468  4,00
3469  3,00
3470  2,00
3471  1,00
3472  3,00
3473  1,00
3474  4,00
3475  3,00
3476  2,00
3477  3,00
3478  2,00
3479  2,00
3480  2,00
3481  7,00
3482  7,00
3483  1,00
3484  4,00
3485  1,00
3486  3,00
3487  6,00
3488  2,00
3489  5,00
3490  1,00
3491  5,00
3492  2,00
3494  3,00
3495  2,00
3496  5,00
3497  2,00
3498  5,00
3499  4,00
3500  2,00
3501  4,00
3502  1,00
3503  4,00
3504  5,00
3505  1,00
3506  7,00
3507  2,00
3508  7,00
3509  5,00
3510  2,00
3511  2,00
3512  5,00
3513  1,00
3514  4,00
3515  8,00
3516  3,00
3517  6,00
3518  2,00
3519  1,00
3520  5,00
3521  2,00
3522  1,00
3523  1,00
3524  6,00
3526  1,00
3527  2,00
3528  6,00
3529  4,00
3530  1,00
3531  6,00
3532  7,00
3533  2,00
3534  5,00
3535  5,00
3536  1,00
3537  3,00
3538  2,00
3539  2,00
3540  6,00
3541  2,00
3542  7,00
3543  3,00
3544  3,00
3545  3,00
3546  3,00
3547  2,00
3548  1,00
3549  2,00
3550  3,00
3551  2,00
3552  3,00
3553  6,00
3554  2,00
3555  5,00
3556  1,00
3557  3,00
3558  1,00
3560  4,00
3561  1,00
3562  4,00
3563  5,00
3565  2,00
3566  3,00
3567  2,00
3568  4,00
3569  3,00
3570  5,00
3571  2,00
3572  4,00
3573  4,00
3574  5,00
3575  1,00
3576  3,00
3577  1,00
3578  6,00
3579  4,00
3580  1,00
3581  4,00
3582  5,00
3583  4,00
3584  3,00
3585  3,00
3586  1,00
3587  2,00
3588  1,00
3589  2,00
3590  4,00
3591  2,00
3592  5,00
3593  4,00
3594  2,00
3595  2,00
3596  3,00
3597  2,00
3598  3,00
3599  5,00
3600  6,00
3601  4,00
3602  3,00
3603  3,00
3604  4,00
3605  3,00
3606  1,00
3607  4,00
3608  5,00
3609  2,00
3610  3,00
3611  4,00
3613  2,00
3614  1,00
3615  6,00
3616  2,00
3617  4,00
3618  1,00
3619  3,00
3620  3,00
3621  4,00
3622  3,00
3623  2,00
3624  5,00
3625  3,00
3626  1,00
3627  1,00
3628  2,00
3629  3,00
3630  4,00
3631  3,00
3632  2,00
3633  1,00
3634  4,00
3635  1,00
3636  3,00
3637  1,00
3638  2,00
3639  4,00
3640  5,00
3641  3,00
3642  6,00
3644  1,00
3645  3,00
3646  4,00
3647  2,00
3649  4,00
3650  5,00
3651  5,00
3652  4,00
3653  3,00
3654  5,00
3655  4,00
3656  1,00
3657  7,00
3658  4,00
3659  2,00
3660  2,00
3661  4,00
3662  2,00
3663  3,00
3664  2,00
3665  5,00
3666  6,00
3667  4,00
3668  2,00
3669  3,00
3670  3,00
3671  6,00
3672  5,00
3673  1,00
3674  6,00
3675  2,00
3677  3,00
3678  3,00
3679  3,00
3680  4,00
3681  3,00
3682  4,00
3683  2,00
3684  3,00
3685  2,00
3686  4,00
3687  4,00
3688  2,00
3689  5,00
3690  2,00
3691  4,00
3692  6,00
3693  4,00
3694  1,00
3695  10,00
3696  5,00
3697  4,00
3698  5,00
3699  3,00
3700  5,00
3701  1,00
3702  6,00
3703  4,00
3704  3,00
3705  1,00
3706  4,00
3707  3,00
3708  2,00
3709  2,00
3710  4,00
3711  2,00
3712  6,00
3713  4,00
3714  3,00
3715  5,00
3716  4,00
3718  5,00
3719  3,00
3720  5,00
3721  3,00
3722  3,00
3723  1,00
3724  1,00
3725  5,00
3727  6,00
3728  1,00
3729  5,00
3730  6,00
3731  4,00
3732  5,00
3733  4,00
3734  1,00
3736  3,00
3737  4,00
3738  2,00
3739  4,00
3740  2,00
3741  8,00
3742  6,00
3743  1,00
3744  3,00
3745  5,00
3746  2,00
3747  7,00
3748  5,00
3749  5,00
3750  5,00
3751  8,00
3752  2,00
3753  4,00
3754  4,00
3755  2,00
3756  4,00
3757  8,00
3758  4,00
3759  3,00
3760  1,00
3761  6,00
3762  5,00
3763  4,00
3764  5,00
3765  3,00
3766  2,00
3767  1,00
3768  1,00
3769  3,00
3770  2,00
3771  2,00
3772  4,00
3773  3,00
3774  6,00
3775  2,00
3776  1,00
3777  3,00
3778  4,00
3779  1,00
3780  3,00
3781  5,00
3782  7,00
3783  2,00
3784  5,00
3785  3,00
3786  1,00
3787  2,00
3788  3,00
3789  2,00
3790  4,00
3791  4,00
3792  3,00
3793  2,00
3794  2,00
3795  5,00
3797  3,00
3798  2,00
3799  3,00
3800  4,00
3801  2,00
3802  3,00
3803  3,00
3804  3,00
3805  2,00
3806  4,00
3807  4,00
3808  4,00
3809  4,00
3810  4,00
3811  5,00
3812  2,00
3813  5,00
3814  4,00
3815  2,00
3816  3,00
3817  5,00
3818  3,00
3819  2,00
3820  3,00
3821  7,00
3822  1,00
3823  5,00
3824  5,00
3825  4,00
3826  2,00
3827  6,00
3828  2,00
3829  2,00
3830  4,00
3831  4,00
3832  6,00
3833  6,00
3834  3,00
3835  5,00
3836  4,00
3837  4,00
3838  2,00
3839  2,00
3841  4,00
3842  2,00
3843  2,00
3844  4,00
3845  5,00
3846  2,00
3847  4,00
3848  2,00
3849  2,00
3850  6,00
3851  2,00
3852  3,00
3853  4,00
3855  2,00
3856  6,00
3857  2,00
3858  3,00
3860  4,00
3861  2,00
3862  3,00
3863  4,00
3864  5,00
3865  1,00
3866  3,00
3867  4,00
3868  3,00
3869  6,00
3870  4,00
3871  1,00
3872  3,00
3873  6,00
3874  2,00
3875  3,00
3876  3,00
3877  3,00
3878  4,00
3879  3,00
3880  4,00
3881  3,00
3882  3,00
3883  1,00
3884  3,00
3885  1,00
3886  3,00
3887  3,00
3888  2,00
3889  2,00
3890  2,00
3891  5,00
3892  5,00
3893  2,00
3894  2,00
3895  5,00
3896  4,00
3897  4,00
3898  5,00
3899  2,00
3900  4,00
3901  5,00
3902  2,00
3903  2,00
3904  5,00
3905  2,00
3906  1,00
3907  4,00
3908  6,00
3909  1,00
3910  5,00
3911  4,00
3912  3,00
3913  6,00
3914  4,00
3915  3,00
3916  3,00
3917  5,00
3918  3,00
3919  6,00
3920  2,00
3921  1,00
3922  2,00
3923  2,00
3924  1,00
3925  4,00
3926  2,00
3927  3,00
3928  3,00
3929  7,00
3930  3,00
3931  3,00
3932  3,00
3933  3,00
3934  4,00
3936  2,00
3937  2,00
3938  5,00
3939  3,00
3940  4,00
3941  3,00
3942  3,00
3943  1,00
3945  3,00
3946  1,00
3947  4,00
3948  3,00
3949  7,00
3950  3,00
3951  2,00
3952  3,00
3953  2,00
3954  7,00
3955  3,00
3956  4,00
3957  3,00
3958  4,00
3959  4,00
3960  5,00
3961  3,00
3962  2,00
3963  1,00
3964  3,00
3965  6,00
3966  4,00
3967  3,00
3968  10,00
3969  6,00
3970  3,00
3971  4,00
3973  5,00
3974  5,00
3975  1,00
3976  3,00
3977  6,00
3978  2,00
3979  4,00
3980  3,00
3981  3,00
3982  5,00
3983  2,00
3984  1,00
3985  2,00
3986  1,00
3987  3,00
3988  2,00
3989  1,00
3990  4,00
3991  4,00
3992  2,00
3993  3,00
3994  7,00
3995  4,00
3996  1,00
3997  5,00
3998  3,00
3999  4,00
4000  6,00
4001  12,00
4002  8,00
4003  6,00
4004  6,00
4005  5,00
4006  4,00
4007  6,00
4008  3,00
4009  6,00
4010  7,00
4011  4,00
4012  4,00
4013  3,00
4014  2,00
4015  11,00
4016  2,00
4017  5,00
4018  7,00
4019  6,00
4020  4,00
4021  2,00
4022  4,00
4023  5,00
4024  2,00
4025  4,00
4026  4,00
4027  1,00
4028  4,00
4029  4,00
4030  3,00
4031  7,00
4032  6,00
4033  6,00
4035  6,00
4036  2,00
4037  3,00
4038  4,00
4039  8,00
4040  6,00
4041  8,00
4042  4,00
4043  8,00
4044  3,00
4045  4,00
4046  4,00
4047  3,00
4048  5,00
4049  1,00
4050  3,00
4051  2,00
4052  5,00
4053  4,00
4054  5,00
4055  5,00
4056  5,00
4057  6,00
4058  5,00
4059  6,00
4060  2,00
4061  6,00
4062  1,00
4063  3,00
4064  2,00
4065  4,00
4066  5,00
4067  6,00
4068  2,00
4069  4,00
4070  5,00
4071  3,00
4072  5,00
4073  2,00
4074  1,00
4075  2,00
4076  6,00
4077  4,00
4078  4,00
4079  1,00
4081  4,00
4082  1,00
4083  6,00
4084  2,00
4085  3,00
4086  3,00
4087  3,00
4088  2,00
4089  4,00
4090  4,00
4091  1,00
4092  3,00
4093  2,00
4094  5,00
4095  5,00
4096  3,00
4097  1,00
4098  2,00
4099  6,00
4100  2,00
4101  1,00
4102  5,00
4103  2,00
4104  9,00
4105  3,00
4106  3,00
4107  6,00
4108  7,00
4109  6,00
4110  3,00
4111  5,00
4112  8,00
4113  6,00
4114  1,00
4115  6,00
4116  5,00
4117  3,00
4118  3,00
4119  4,00
4120  3,00
4121  8,00
4122  3,00
4123  4,00
4124  3,00
4125  3,00
4126  1,00
4127  3,00
4128  4,00
4129  3,00
4130  2,00
4131  4,00
4132  6,00
4133  2,00
4134  7,00
4135  4,00
4136  1,00
4137  4,00
4138  5,00
4139  6,00
4140  3,00
4141  2,00
4142  4,00
4143  3,00
4144  6,00
4145  5,00
4147  4,00
4148  6,00
4149  2,00
4150  2,00
4151  2,00
4152  1,00
4153  3,00
4154  3,00
4155  4,00
4156  2,00
4157  3,00
4159  5,00
4160  5,00
4161  2,00
4162  3,00
4163  4,00
4164  1,00
4165  5,00
4166  3,00
4167  6,00
4168  4,00
4169  5,00
4170  1,00
4171  4,00
4172  8,00
4173  2,00
4174  6,00
4175  4,00
4176  2,00
4177  2,00
4178  1,00
4180  3,00
4181  3,00
4182  2,00
4183  4,00
4184  1,00
4185  4,00
4186  4,00
4187  5,00
4188  2,00
4189  2,00
4190  2,00
4191  2,00
4192  4,00
4193  7,00
4194  1,00
4195  5,00
4196  5,00
4197  3,00
4198  7,00
4199  2,00
4200  1,00
4201  5,00
4202  4,00
4203  3,00
4204  1,00
4205  3,00
4206  7,00
4207  5,00
4208  6,00
4209  3,00
4210  4,00
4211  3,00
4212  3,00
4213  1,00
4214  1,00
4215  4,00
4216  3,00
4217  4,00
4218  3,00
4219  2,00
4220  2,00
4221  5,00
4222  1,00
4223  5,00
4224  4,00
4225  9,00
4226  3,00
4227  3,00
4228  1,00
4229  6,00
4230  3,00
4231  4,00
4232  2,00
4233  3,00
4234  2,00
4235  5,00
4236  1,00
4237  5,00
4238  3,00
4239  3,00
4240  6,00
4241  3,00
4242  4,00
4243  2,00
4244  7,00
4245  8,00
4246  4,00
4247  1,00
4248  7,00
4249  10,00
4250  1,00
4251  3,00
4252  5,00
4253  4,00
4254  7,00
4255  3,00
4256  3,00
4257  1,00
4258  5,00
4259  4,00
4260  1,00
4261  1,00
4262  8,00
4263  3,00
4265  3,00
4266  3,00
4267  3,00
4268  4,00
4269  3,00
4270  5,00
4271  3,00
4272  6,00
4273  3,00
4274  1,00
4275  4,00
4276  3,00
4277  1,00
4278  3,00
4279  3,00
4280  4,00
4281  4,00
4282  3,00
4283  5,00
4284  3,00
4285  4,00
4286  6,00
4287  6,00
4288  2,00
4289  3,00
4290  3,00
4291  1,00
4292  3,00
4293  2,00
4294  4,00
4295  6,00
4296  2,00
4297  1,00
4298  1,00
4299  3,00
4300  2,00
4301  6,00
4302  6,00
4303  4,00
4304  3,00
4305  3,00
4306  3,00
4307  3,00
4308  4,00
4309  7,00
4310  2,00
4311  1,00
4312  7,00
4313  4,00
4314  4,00
4315  2,00
4316  3,00
4317  4,00
4318  2,00
4319  2,00
4320  1,00
4321  5,00
4322  2,00
4323  2,00
4324  2,00
4325  3,00
4326  2,00
4327  9,00
4328  2,00
4329  4,00
4330  3,00
4331  4,00
4332  4,00
4333  5,00
4334  2,00
4335  2,00
4336  4,00
4337  2,00
4338  3,00
4339  2,00
4340  2,00
4341  6,00
4342  4,00
4343  3,00
4344  4,00
4345  3,00
4346  5,00
4347  3,00
4349  5,00
4350  4,00
4351  7,00
4352  4,00
4353  2,00
4354  3,00
4355  4,00
4356  4,00
4357  2,00
4358  2,00
4359  2,00
4360  4,00
4361  1,00
4362  2,00
4363  4,00
4364  5,00
4365  4,00
4366  6,00
4367  6,00
4368  4,00
4369  3,00
4370  3,00
4371  3,00
4372  5,00
4373  4,00
4374  2,00
4376  2,00
4377  4,00
4378  3,00
4379  4,00
4380  6,00
4381  5,00
4382  6,00
4383  1,00
4385  4,00
4386  2,00
4387  1,00
4388  4,00
4389  4,00
4390  5,00
4391  4,00
4392  5,00
4393  2,00
4394  6,00
4395  7,00
4396  1,00
4397  3,00
4398  3,00
4399  3,00
4400  4,00
4401  2,00
4402  3,00
4404  3,00
4406  2,00
4407  2,00
4408  4,00
4410  2,00
4411  4,00
4412  2,00
4413  2,00
4414  1,00
4415  6,00
4416  5,00
4417  4,00
4418  3,00
4419  5,00
4420  5,00
4421  3,00
4422  3,00
4423  2,00
4424  1,00
4425  5,00
4426  2,00
4427  7,00
4428  3,00
4429  3,00
4430  2,00
4431  8,00
4432  5,00
4433  6,00
4434  3,00
4435  2,00
4436  6,00
4437  2,00
4438  3,00
4439  6,00
4440  4,00
4442  2,00
4443  3,00
4444  1,00
4445  3,00
4446  3,00
4447  6,00
4448  4,00
4449  2,00
4450  6,00
4451  2,00
4452  5,00
4453  3,00
4454  5,00
4455  3,00
4456  5,00
4457  3,00
4458  4,00
4459  5,00
4460  5,00
4461  2,00
4462  4,00
4463  3,00
4464  4,00
4465  5,00
4466  5,00
4468  1,00
4469  4,00
4470  5,00
4471  5,00
4472  2,00
4473  1,00
4474  2,00
4475  4,00
4476  2,00
4477  4,00
4478  4,00
4479  2,00
4480  3,00
4481  4,00
4482  4,00
4483  1,00
4484  2,00
4485  1,00
4486  3,00
4487  6,00
4488  4,00
4489  5,00
4490  4,00
4491  4,00
4492  6,00
4493  2,00
4494  2,00
4495  8,00
4496  2,00
4497  3,00
4498  4,00
4499  2,00
4500  3,00
4501  2,00
4502  3,00
4503  3,00
4504  4,00
4505  2,00
4506  3,00
4507  2,00
4508  1,00
4509  2,00
4510  6,00
4511  3,00
4512  4,00
4513  4,00
4514  3,00
4515  1,00
4516  3,00
4517  5,00
4518  5,00
4519  2,00
4520  3,00
4521  1,00
4522  4,00
4523  3,00
4524  5,00
4525  2,00
4526  4,00
4527  4,00
4528  5,00
4529  5,00
4530  4,00
4531  3,00
4532  3,00
4533  3,00
4534  5,00
4535  5,00
4536  2,00
4538  5,00
4539  3,00
4540  3,00
4541  5,00
4542  2,00
4543  6,00
4544  2,00
4545  1,00
4546  1,00
4547  2,00
4548  1,00
4549  4,00
4550  3,00
4551  3,00
4552  2,00
4553  2,00
4554  4,00
4555  4,00
4556  1,00
4557  2,00
4558  2,00
4559  2,00
4560  4,00
4561  1,00
4562  3,00
4563  6,00
4564  4,00
4565  3,00
4566  2,00
4568  1,00
4569  1,00
4570  1,00
4571  5,00
4572  4,00
4573  1,00
4574  5,00
4575  2,00
4576  3,00
4577  4,00
4578  5,00
4579  3,00
4580  2,00
4581  2,00
4582  3,00
4583  1,00
4584  1,00
4585  1,00
4586  1,00
4587  8,00
4588  1,00
4589  1,00
4590  5,00
4591  2,00
4592  5,00
4594  2,00
4595  2,00
4596  2,00
4597  1,00
4598  3,00
4599  2,00
4600  3,00
4601  2,00
4602  2,00
4603  2,00
4604  2,00
4605  3,00
4606  1,00
4607  2,00
4608  4,00
4609  1,00
4610  1,00
4611  1,00
4612  4,00
4613  2,00
4614  7,00
4615  4,00
4616  5,00
4617  5,00
4618  1,00
4619  2,00
4620  2,00
4621  2,00
4622  4,00
4623  2,00
4624  4,00
4625  3,00
4626  2,00
4627  3,00
4628  2,00
4629  5,00
4630  5,00
4631  3,00
4632  2,00
4633  1,00
4634  3,00
4635  2,00
4636  1,00
4637  3,00
4638  2,00
4639  5,00
4640  1,00
4641  2,00
4642  3,00
4643  2,00
4644  5,00
4645  2,00
4646  2,00
4647  5,00
4648  3,00
4649  2,00
4650  5,00
4651  1,00
4652  1,00
4653  1,00
4654  5,00
4655  2,00
4656  5,00
4657  2,00
4658  3,00
4659  2,00
4660  2,00
4661  2,00
4662  1,00
4663  3,00
4664  4,00
4665  3,00
4666  2,00
4667  5,00
4668  3,00
4669  1,00
4670  1,00
4671  1,00
4672  3,00
4673  1,00
4674  7,00
4675  5,00
4676  1,00
4677  5,00
4678  3,00
4679  3,00
4680  2,00
4681  3,00
4682  3,00
4683  4,00
4684  2,00
4685  2,00
4686  1,00
4687  3,00
4688  4,00
4689  3,00
4690  2,00
4691  3,00
4692  4,00
4693  4,00
4694  2,00
4696  5,00
4697  2,00
4698  1,00
4699  5,00
4700  4,00
4701  3,00
4702  1,00
4703  2,00
4704  2,00
4705  1,00
4706  5,00
4707  3,00
4708  2,00
4709  1,00
4710  3,00
4711  2,00
4712  2,00
4713  4,00
4714  1,00
4715  1,00
4716  1,00
4717  3,00
4718  4,00
4719  2,00
4720  3,00
4721  1,00
4722  3,00
4724  2,00
4725  2,00
4726  4,00
4727  5,00
4728  7,00
4729  1,00
4730  5,00
4731  2,00
4732  3,00
4733  3,00
4734  2,00
4735  1,00
4736  2,00
4737  3,00
4738  1,00
4739  1,00
4740  3,00
4741  3,00
4742  2,00
4743  1,00
4744  1,00
4745  2,00
4746  2,00
4747  2,00
4749  1,00
4750  1,00
4751  5,00
4752  1,00
4753  2,00
4754  2,00
4755  2,00
4756  1,00
4757  3,00
4758  3,00
4759  4,00
4760  3,00
4761  7,00
4762  2,00
4763  2,00
4764  2,00
4765  2,00
4768  1,00
4769  2,00
4770  7,00
4771  2,00
4772  4,00
4773  3,00
4775  4,00
4777  2,00
4779  4,00
4780  2,00
4781  1,00
4782  4,00
4783  4,00
4784  3,00
4785  2,00
4787  1,00
4788  3,00
4789  1,00
4790  1,00
4791  5,00
4792  1,00
4793  1,00
4794  2,00
4795  3,00
4796  1,00
4797  3,00
4798  1,00
4799  1,00
4801  5,00
4803  2,00
4804  1,00
4805  2,00
4806  3,00
4807  2,00
4808  1,00
4809  4,00
4811  1,00
4812  2,00
4813  3,00
4814  2,00
4816  3,00
4817  3,00
4818  3,00
4819  1,00
4820  4,00
4821  2,00
4822  4,00
4823  1,00
4824  3,00
4825  3,00
4827  2,00
4828  1,00
4829  1,00
4830  1,00
4832  3,00
4833  1,00
4835  4,00
4836  3,00
4837  1,00
4838  2,00
4840  1,00
4841  1,00
4842  1,00
4843  1,00
4844  3,00
4845  3,00
4846  2,00
4847  2,00
4848  2,00
4849  1,00
4850  3,00
4851  2,00
4852  1,00
4854  3,00
4855  1,00
4856  1,00
4857  1,00
4858  3,00
4859  3,00
4860  1,00
4861  2,00
4862  4,00
4863  2,00
4864  1,00
4865  3,00
4866  1,00
4867  2,00
4869  2,00
4870  3,00
4871  1,00
4872  1,00
4873  2,00
4874  1,00
4875  2,00
4876  1,00
4877  1,00
4878  3,00
4879  2,00
4880  2,00
4882  1,00
4884  1,00
4885  3,00
4886  1,00
4887  1,00
4888  2,00
4889  2,00
4890  2,00
4891  1,00
4892  3,00
4893  1,00
4894  3,00
4896  3,00
4897  2,00
4898  1,00
4899  3,00
4902  1,00
4904  1,00
4905  1,00
4906  1,00
4907  4,00
4908  1,00
4909  2,00
4910  2,00
4911  2,00
4912  3,00
4913  1,00
4914  2,00
4918  2,00
4919  2,00
4920  2,00
4921  1,00
4924  2,00
4925  1,00
4926  1,00
4931  3,00
4932  1,00
4933  1,00
4934  3,00
4935  3,00
4936  2,00
4938  3,00
4939  3,00
4940  2,00
4941  1,00
4943  1,00
4944  1,00
4945  2,00
4946  2,00
4948  1,00
4949  1,00
4950  1,00
4951  1,00
4952  2,00
4953  1,00
4954  1,00
4956  1,00
4958  1,00
4959  3,00
4960  1,00
4961  3,00
4962  1,00
4963  2,00
4964  3,00
4965  2,00
4966  2,00
4967  3,00
4968  1,00
4969  2,00
4970  2,00
4971  2,00
4972  1,00
4973  2,00
4974  1,00
4975  1,00
4976  2,00
4978  2,00
4981  4,00
4982  1,00
4983  1,00
4985  3,00
4987  1,00
4988  2,00
4989  4,00
4990  2,00
4991  2,00
4992  1,00
4994  3,00
4995  1,00
4996  1,00
4997  3,00
4998  1,00
5000  1,00
5003  1,00
5004  3,00
5008  2,00
5011  2,00
5012  2,00
5013  1,00
5014  2,00
5015  1,00
5016  1,00
5018  2,00
5019  1,00
5020  1,00
5022  2,00
5024  1,00
5025  1,00
5027  1,00
5028  1,00
5030  1,00
5031  2,00
5034  1,00
5037  4,00
5039  2,00
5041  1,00
5044  1,00
5046  1,00
5047  4,00
5048  1,00
5050  1,00
5051  1,00
5053  1,00
5054  1,00
5056  1,00
5057  1,00
5060  2,00
5061  1,00
5064  2,00
5068  3,00
5070  2,00
5071  1,00
5072  2,00
5073  1,00
5074  1,00
5079  1,00
5080  1,00
5082  3,00
5083  1,00
5084  1,00
5085  1,00
5086  1,00
5089  2,00
5091  1,00
5093  1,00
5095  1,00
5097  3,00
5098  2,00
5100  1,00
5101  1,00
5106  1,00
5108  1,00
5109  1,00
5111  1,00
5114  1,00
5115  1,00
5118  1,00
5121  1,00
5123  1,00
5126  1,00
5129  2,00
5130  1,00
5131  1,00
5132  2,00
5135  1,00
5137  2,00
5138  1,00
5143  3,00
5147  2,00
5148  2,00
5152  1,00
5158  1,00
5159  1,00
5161  1,00
5163  2,00
5166  1,00
5169  1,00
5170  2,00
5171  1,00
5172  1,00
5179  2,00
5181  1,00
5182  1,00
5184  1,00
5186  1,00
5192  1,00
5193  1,00
5194  1,00
5195  1,00
5203  1,00
5207  3,00
5225  2,00
5234  1,00
5250  1,00
5251  1,00
5254  1,00
5262  2,00
5265  1,00
5286  1,00
5287  1,00
5296  1,00
5323  1,00
5328  1,00
5337  1,00
5339  1,00
5342  1,00
5355  1,00
5360  1,00
5364  1,00
5384  1,00
5404  1,00
5430  1,00
5454  1,00
