1  1.2382
2  0.2987
3  0.1776
4  0.1222
5  0.0831
6  0.0646
7  0.0453
8  0.0378
9  0.0337
10  0.0257
11  0.0241
12  0.0179
13  0.0148
14  0.0144
15  0.0124
16  0.0123
17  0.0123
18  0.0089
19  0.0092
20  0.0085
21  0.0074
22  0.0078
23  0.0077
24  0.0068
25  0.0058
26  0.0063
27  0.006
28  0.0072
29  0.0066
30  0.0056
31  0.0053
32  0.0067
33  0.0061
34  0.0052
35  0.0081
36  0.0056
37  0.0078
38  0.0068
39  0.0046
40  0.0068
41  0.0075
42  0.0058
43  0.0076
44  0.0086
45  0.0094
46  0.0086
47  0.0114
48  0.0101
49  0.0093
50  0.0106
51  0.0099
52  0.0131
53  0.0139
54  0.0121
55  0.0173
56  0.019
57  0.0184
58  0.024
59  0.0221
60  0.0248
61  0.0258
62  0.0288
63  0.0335
64  0.0361
65  0.0376
66  0.0429
67  0.0396
68  0.0455
69  0.0472
70  0.0485
71  0.0427
72  0.0418
73  0.0433
74  0.0339
75  0.0313
76  0.0249
77  0.0199
78  0.0105
79  0.0073
80  0.0052
81  0.0034
82  0.0025
83  0.0011
84  0.0003
85  0.0002
