1  0.1243
2  0.0358
3  0.0195
4  0.0126
5  0.0069
6  0.0026
7  0.0026
8  0.0023
9  0.0017
10  0.0008
11  0.0007
12  0.0003
13  0.0001
14  0.0001
15  0.0002
17  0.0001
20  0.0002
21  0.0001
36  0.0001
38  0.0001
41  0.0001
52  0.0001
62  0.0002
64  0.0002
65  0.0001
66  0.0001
67  0.0001
69  0.0001
70  0.0001
71  0.0002
72  0.0004
73  0.0005
74  0.0006
75  0.0006
76  0.0017
77  0.0023
78  0.0024
79  0.0032
80  0.0048
81  0.0066
82  0.011
83  0.0177
84  0.0226
85  0.0389
86  0.0538
87  0.068
88  0.0931
89  0.1149
90  0.1225
91  0.1218
92  0.1131
93  0.0867
94  0.0541
95  0.0339
96  0.0175
97  0.0048
98  0.0008
99  0.0004
