1  84.7154
2  22.3249
3  14.1153
4  9.5746
5  6.9655
6  5.3386
7  4.177
8  3.4017
9  2.8606
10  2.4116
11  2.0632
12  1.7996
13  1.5854
14  1.4072
15  1.2529
16  1.1311
17  1.049
18  0.9373
19  0.8689
20  0.7749
21  0.7283
22  0.6721
23  0.6159
24  0.554
25  0.525
26  0.4948
27  0.4598
28  0.4182
29  0.4096
30  0.3761
31  0.3536
32  0.3272
33  0.3098
34  0.2957
35  0.2854
36  0.2658
37  0.2557
38  0.2368
39  0.2292
40  0.2197
41  0.2032
42  0.2076
43  0.1885
44  0.1788
45  0.1721
46  0.1624
47  0.1632
48  0.1538
49  0.1482
50  0.1377
51  0.1274
52  0.1244
53  0.1252
54  0.1156
55  0.112
56  0.1093
57  0.1017
58  0.1026
59  0.0989
60  0.0923
61  0.0862
62  0.0874
63  0.0892
64  0.0824
65  0.0781
66  0.0796
67  0.0723
68  0.0703
69  0.0652
70  0.068
71  0.0686
72  0.0563
73  0.0604
74  0.0628
75  0.0581
76  0.0576
77  0.0552
78  0.052
79  0.0518
80  0.0427
81  0.0454
82  0.0436
83  0.0418
84  0.0423
85  0.0403
86  0.037
87  0.0386
88  0.0391
89  0.0349
90  0.0372
91  0.0371
92  0.0321
93  0.031
94  0.0309
95  0.0308
96  0.0283
97  0.0309
98  0.0285
99  0.0271
100  0.026
101  0.0275
102  0.0268
103  0.0243
104  0.0261
105  0.0193
106  0.0248
107  0.0227
108  0.0237
109  0.0229
110  0.0199
111  0.0211
112  0.0196
113  0.0165
114  0.0186
115  0.0178
116  0.0158
117  0.0166
118  0.0155
119  0.0169
120  0.0159
121  0.0155
122  0.0154
123  0.0152
124  0.0126
125  0.0125
126  0.0136
127  0.0143
128  0.0132
129  0.011
130  0.0103
131  0.0116
132  0.0121
133  0.0111
134  0.0109
135  0.0094
136  0.0117
137  0.0102
138  0.0088
139  0.0096
140  0.0094
141  0.0095
142  0.0084
143  0.0093
144  0.0082
145  0.0097
146  0.0089
147  0.0087
148  0.0078
149  0.0072
150  0.0078
151  0.0079
152  0.0061
153  0.007
154  0.0078
155  0.0076
156  0.0082
157  0.0054
158  0.0072
159  0.0052
160  0.0063
161  0.0049
162  0.0051
163  0.0054
164  0.0043
165  0.0052
166  0.0052
167  0.0062
168  0.0049
169  0.0057
170  0.0049
171  0.0056
172  0.0044
173  0.0036
174  0.0036
175  0.0036
176  0.0044
177  0.0033
178  0.0049
179  0.0035
180  0.0036
181  0.0033
182  0.0027
183  0.0031
184  0.0035
185  0.0035
186  0.0034
187  0.0032
188  0.0038
189  0.0035
190  0.0036
191  0.0025
192  0.0023
193  0.0033
194  0.0029
195  0.002
196  0.0022
197  0.002
198  0.0025
199  0.0022
200  0.0021
201  0.0021
202  0.0015
203  0.0029
204  0.0018
205  0.0024
206  0.002
207  0.0028
208  0.0018
209  0.0027
210  0.0017
211  0.0018
212  0.0021
213  0.0017
214  0.0024
215  0.0024
216  0.0024
217  0.0015
218  0.002
219  0.0017
220  0.0017
221  0.0021
222  0.0012
223  0.0019
224  0.0013
225  0.002
226  0.002
227  0.0009
228  0.0014
229  0.0008
230  0.0015
231  0.0012
232  0.0008
233  0.0015
234  0.0008
235  0.0007
236  0.0005
237  0.0014
238  0.0008
239  0.0012
240  0.001
241  0.0006
242  0.001
243  0.001
244  0.0008
245  0.001
246  0.0015
247  0.001
248  0.0009
249  0.0005
250  0.0007
251  0.0008
252  0.0004
253  0.0009
254  0.0004
255  0.0004
256  0.001
257  0.0013
258  0.001
259  0.0012
260  0.0013
261  0.0003
262  0.0004
263  0.0006
264  0.0005
265  0.001
266  0.0007
267  0.0006
268  0.0007
269  0.0011
270  0.0003
271  0.0008
272  0.0001
273  0.0004
274  0.0005
275  0.0002
276  0.0006
277  0.0003
278  0.0005
279  0.0002
280  0.0005
281  0.0006
282  0.0007
283  0.0002
284  0.0007
285  0.0001
286  0.0001
287  0.0007
288  0.0004
289  0.0002
290  0.0005
292  0.0003
293  0.0002
294  0.0002
295  0.0006
296  0.0004
297  0.0002
298  0.0004
299  0.0004
300  0.0005
301  0.0003
302  0.0001
303  0.0002
304  0.0004
305  0.0001
307  0.0001
308  0.0003
309  0.0004
310  0.0003
312  0.0002
313  0.0003
315  0.0002
316  0.0001
317  0.0002
318  0.0004
319  0.0004
320  0.0002
321  0.0002
322  0.0002
323  0.0003
324  0.0001
325  0.0004
326  0.0002
327  0.0001
328  0.0001
329  0.0001
330  0.0002
332  0.0001
333  0.0001
334  0.0003
335  0.0002
337  0.0001
339  0.0001
340  0.0002
341  0.0003
342  0.0001
345  0.0004
346  0.0003
347  0.0001
350  0.0001
352  0.0001
353  0.0001
354  0.0002
356  0.0002
357  0.0002
358  0.0001
359  0.0002
360  0.0001
362  0.0001
363  0.0001
364  0.0001
365  0.0001
366  0.0001
368  0.0003
369  0.0001
371  0.0003
375  0.0001
379  0.0002
380  0.0002
381  0.0001
382  0.0001
385  0.0001
393  0.0001
398  0.0001
399  0.0002
401  0.0001
405  0.0001
406  0.0001
408  0.0001
410  0.0001
412  0.0001
418  0.0001
424  0.0001
427  0.0001
428  0.0001
429  0.0001
445  0.0001
446  0.0001
447  0.0001
449  0.0001
451  0.0001
460  0.0001
461  0.0001
473  0.0002
474  0.0001
480  0.0001
485  0.0001
492  0.0001
511  0.0001
531  0.0001
532  0.0001
