1  4.4767
2  1.3627
3  0.8863
4  0.6024
5  0.4355
6  0.3409
7  0.2713
8  0.2094
9  0.1766
10  0.1514
11  0.128
12  0.1078
13  0.0998
14  0.0859
15  0.0761
16  0.0711
17  0.0612
18  0.0581
19  0.0481
20  0.0464
21  0.0419
22  0.0368
23  0.0368
24  0.0317
25  0.0303
26  0.0248
27  0.0248
28  0.022
29  0.0201
30  0.0197
31  0.0199
32  0.0167
33  0.0165
34  0.0151
35  0.0137
36  0.0127
37  0.0134
38  0.0122
39  0.0116
40  0.0097
41  0.0091
42  0.0058
43  0.0074
44  0.0076
45  0.0056
46  0.0057
47  0.0044
48  0.0036
49  0.0031
50  0.0029
51  0.0034
52  0.0028
53  0.0024
54  0.0013
55  0.0018
56  0.0018
57  0.0004
58  0.0008
59  0.0007
60  0.0002
61  0.0001
63  0.0001
64  0.0002
65  0.0002
66  0.0002
67  0.0001
68  0.0001
