1  186.33
2  55.0341
3  30.8421
4  18.5098
5  11.6966
6  7.6618
7  5.2335
8  3.6422
9  2.5624
10  1.8476
11  1.3324
12  0.9877
13  0.7272
14  0.5355
15  0.415
16  0.3102
17  0.2353
18  0.1747
19  0.1369
20  0.1027
21  0.0819
22  0.0606
23  0.0488
24  0.0341
25  0.0288
26  0.0218
27  0.0184
28  0.0126
29  0.0106
30  0.0073
31  0.006
32  0.0042
33  0.0037
34  0.0023
35  0.0031
36  0.0027
37  0.0012
38  0.0013
39  0.0011
40  0.0007
41  0.0007
42  0.0004
43  0.0005
46  0.0005
47  0.0002
48  0.0003
49  0.0001
50  0.0001
53  0.0001
55  0.0001
66  0.0001
