1  4.2662
2  0.4641
3  0.1959
4  0.1076
5  0.0536
6  0.0329
7  0.0242
8  0.014
9  0.0097
10  0.0053
11  0.0053
12  0.0042
13  0.0035
14  0.0026
15  0.0027
16  0.002
17  0.001
18  0.0015
19  0.0005
20  0.0007
21  0.0006
22  0.0003
23  0.0003
24  0.0002
25  0.0003
26  0.0003
27  0.0001
28  0.0001
29  0.0004
32  0.0001
33  0.0002
34  0.0002
36  0.0002
43  0.0001
53  0.0001
61  0.0001
93  0.0001
1885  0.0001
1910  0.0001
1911  0.0002
1912  0.0001
1913  0.0002
1914  0.0001
1915  0.0001
1917  0.0001
1918  0.0002
1919  0.0001
1920  0.0002
1921  0.0003
1922  0.0001
1923  0.0002
1924  0.0001
1925  0.0001
1926  0.0004
1927  0.0001
1928  0.0001
1929  0.0003
1931  0.0006
1932  0.0004
1933  0.0006
1934  0.0006
1935  0.0007
1936  0.001
1937  0.0011
1938  0.0004
1939  0.0009
1940  0.0016
1941  0.0006
1942  0.0005
1943  0.0009
1944  0.0018
1945  0.0021
1946  0.0017
1947  0.002
1948  0.0015
1949  0.0024
1950  0.0032
1951  0.0033
1952  0.0023
1953  0.004
1954  0.0027
1955  0.0055
1956  0.0036
1957  0.0049
1958  0.0054
1959  0.0049
1960  0.0067
1961  0.0051
1962  0.0061
1963  0.0085
1964  0.0089
1965  0.0083
1966  0.0093
1967  0.0079
1968  0.0085
1969  0.0104
1970  0.0098
1971  0.0124
1972  0.0119
1973  0.0142
1974  0.0121
1975  0.0141
1976  0.0144
1977  0.0125
1978  0.0142
1979  0.0141
1980  0.0173
1981  0.0159
1982  0.0193
1983  0.0182
1984  0.0158
1985  0.0144
1986  0.0178
1987  0.0197
1988  0.0184
1989  0.0184
1990  0.0171
1991  0.0188
1992  0.0164
1993  0.0185
1994  0.0186
1995  0.0174
1996  0.0185
1997  0.0185
1998  0.0199
1999  0.0151
2000  0.0169
2001  0.0187
2002  0.0162
2003  0.0161
2004  0.0134
2005  0.0139
2006  0.0177
2007  0.0159
2008  0.0136
2009  0.0138
2010  0.0125
2011  0.0159
2012  0.0116
2013  0.0122
2014  0.0136
2015  0.0097
2016  0.01
2017  0.0108
2018  0.0104
2019  0.0091
2020  0.0075
2021  0.0099
2022  0.0079
2023  0.0074
2024  0.0059
2025  0.0063
2026  0.0074
2027  0.0037
2028  0.0033
2029  0.0035
2030  0.0037
2031  0.0029
2032  0.0029
2033  0.0034
2034  0.0019
2035  0.003
2036  0.0019
2037  0.0016
2038  0.002
2039  0.0022
2040  0.0014
2041  0.0015
2042  0.0013
2043  0.0012
2044  0.0007
2045  0.0014
2046  0.0005
2047  0.0003
2048  0.0004
2049  0.0004
2050  0.0007
2051  0.0002
2052  0.0004
2053  0.0002
2054  0.0003
2056  0.0001
2057  0.0001
2058  0.0003
2060  0.0002
2061  0.0001
2064  0.0001
2065  0.0001
