1  324.957
2  83.5925
3  52.6135
4  35.5398
5  25.8903
6  19.6786
7  15.6013
8  12.7093
9  10.5719
10  8.9211
11  7.6996
12  6.7383
13  5.9299
14  5.233
15  4.7075
16  4.2545
17  3.7976
18  3.4796
19  3.1383
20  2.9073
21  2.6801
22  2.4668
23  2.3085
24  2.1307
25  1.994
26  1.8533
27  1.751
28  1.6276
29  1.5299
30  1.4387
31  1.3684
32  1.2875
33  1.221
34  1.1635
35  1.089
36  1.0336
37  0.9787
38  0.9266
39  0.907
40  0.8377
41  0.8239
42  0.774
43  0.7431
44  0.7174
45  0.6883
46  0.6621
47  0.6255
48  0.5886
49  0.5716
50  0.5504
51  0.5253
52  0.5111
53  0.4955
54  0.4642
55  0.45
56  0.4322
57  0.4225
58  0.4024
59  0.3866
60  0.3787
61  0.369
62  0.3546
63  0.354
64  0.3276
65  0.3159
66  0.3116
67  0.2863
68  0.2937
69  0.2772
70  0.2669
71  0.2695
72  0.2451
73  0.2502
74  0.2448
75  0.2344
76  0.2168
77  0.2199
78  0.2112
79  0.196
80  0.2007
81  0.1932
82  0.1885
83  0.1881
84  0.1744
85  0.1797
86  0.1708
87  0.163
88  0.1616
89  0.1536
90  0.1531
91  0.1479
92  0.1491
93  0.1391
94  0.1355
95  0.1289
96  0.1306
97  0.12
98  0.1132
99  0.1145
100  0.1138
101  0.1113
102  0.1077
103  0.1036
104  0.1035
105  0.1036
106  0.0968
107  0.0971
108  0.0988
109  0.0907
110  0.0893
111  0.0894
112  0.0838
113  0.0835
114  0.0871
115  0.08
116  0.0752
117  0.0722
118  0.0774
119  0.0755
120  0.076
121  0.0697
122  0.0668
123  0.0706
124  0.0634
125  0.0651
126  0.0636
127  0.0568
128  0.0559
129  0.0556
130  0.0514
131  0.0541
132  0.0547
133  0.0479
134  0.0513
135  0.0488
136  0.0525
137  0.0489
138  0.0472
139  0.0495
140  0.0413
141  0.0441
142  0.0416
143  0.0407
144  0.0397
145  0.0413
146  0.0379
147  0.0425
148  0.0392
149  0.0383
150  0.0383
151  0.0363
152  0.0363
153  0.0343
154  0.0339
155  0.0326
156  0.0325
157  0.0305
158  0.0291
159  0.0277
160  0.0303
161  0.0317
162  0.03
163  0.0282
164  0.0271
165  0.0269
166  0.0254
167  0.0249
168  0.0247
169  0.0263
170  0.0233
171  0.0234
172  0.0247
173  0.0235
174  0.0208
175  0.019
176  0.0228
177  0.0221
178  0.0197
179  0.0221
180  0.02
181  0.0192
182  0.0206
183  0.0186
184  0.0176
185  0.0195
186  0.0194
187  0.015
188  0.0185
189  0.017
190  0.0164
191  0.0163
192  0.0142
193  0.0152
194  0.015
195  0.0135
196  0.0143
197  0.0153
198  0.0124
199  0.0152
200  0.014
201  0.0146
202  0.0123
203  0.0132
204  0.0125
205  0.0113
206  0.0118
207  0.0102
208  0.0113
209  0.0105
210  0.0115
211  0.0101
212  0.0106
213  0.0097
214  0.0087
215  0.0094
216  0.0098
217  0.0092
218  0.011
219  0.0104
220  0.0103
221  0.0082
222  0.0088
223  0.009
224  0.0081
225  0.0084
226  0.008
227  0.0078
228  0.0082
229  0.0069
230  0.0073
231  0.0071
232  0.0074
233  0.009
234  0.0069
235  0.0079
236  0.0081
237  0.0078
238  0.0072
239  0.0057
240  0.0074
241  0.0066
242  0.006
243  0.0059
244  0.0075
245  0.0055
246  0.0057
247  0.0057
248  0.0039
249  0.0057
250  0.0067
251  0.0063
252  0.0047
253  0.0059
254  0.0048
255  0.0045
256  0.0041
257  0.0042
258  0.0049
259  0.0042
260  0.0048
261  0.003
262  0.0033
263  0.0035
264  0.0038
265  0.0038
266  0.0041
267  0.0052
268  0.0035
269  0.0049
270  0.0052
271  0.0031
272  0.0038
273  0.0035
274  0.0033
275  0.0031
276  0.0042
277  0.0035
278  0.0029
279  0.0041
280  0.0032
281  0.0028
282  0.0027
283  0.0027
284  0.0024
285  0.0031
286  0.003
287  0.0027
288  0.0037
289  0.0027
290  0.0023
291  0.0028
292  0.0026
293  0.0029
294  0.0026
295  0.0019
296  0.0022
297  0.0024
298  0.0029
299  0.003
300  0.0025
301  0.0018
302  0.0025
303  0.0032
304  0.0025
305  0.0024
306  0.0019
307  0.0016
308  0.0023
309  0.0017
310  0.0014
311  0.0018
312  0.002
313  0.0021
314  0.0021
315  0.0026
316  0.0023
317  0.0016
318  0.0024
319  0.0018
320  0.0012
321  0.0022
322  0.0017
323  0.0012
324  0.0015
325  0.002
326  0.0017
327  0.0018
328  0.0015
329  0.0008
330  0.001
331  0.0019
332  0.0017
333  0.0015
334  0.0011
335  0.0005
336  0.001
337  0.0009
338  0.0008
339  0.0011
340  0.0008
341  0.0012
342  0.0011
343  0.0019
344  0.0013
345  0.0008
346  0.0012
347  0.0008
348  0.0016
349  0.001
350  0.0008
351  0.0006
352  0.0007
353  0.0012
354  0.0009
355  0.0007
356  0.0011
357  0.0005
358  0.0017
359  0.001
360  0.0013
361  0.001
362  0.0012
363  0.001
364  0.001
365  0.0006
366  0.0008
367  0.0003
368  0.0009
369  0.001
370  0.0001
371  0.0008
372  0.0006
373  0.0005
374  0.0011
375  0.0006
376  0.0006
377  0.0006
378  0.001
379  0.0009
380  0.0006
381  0.0006
382  0.0006
383  0.0006
384  0.0005
385  0.0012
386  0.0008
387  0.001
388  0.0007
389  0.0003
390  0.0007
391  0.0004
392  0.0008
393  0.0006
394  0.0004
395  0.0008
396  0.0005
397  0.0009
398  0.0006
399  0.0008
400  0.0004
401  0.0004
402  0.0003
403  0.0002
404  0.0004
406  0.001
407  0.0004
408  0.0007
409  0.0001
410  0.0002
411  0.0005
412  0.0008
413  0.0003
414  0.0004
415  0.0004
416  0.0005
417  0.0002
418  0.0005
419  0.0007
421  0.0005
423  0.0001
424  0.0006
425  0.0007
426  0.0003
427  0.0003
428  0.0002
429  0.0003
430  0.0003
431  0.0002
432  0.0005
433  0.0004
434  0.0003
435  0.0001
436  0.0003
437  0.0003
438  0.0003
440  0.0002
441  0.0004
442  0.0001
443  0.0003
445  0.0002
446  0.0004
447  0.0005
448  0.0002
449  0.0002
450  0.0002
451  0.0004
452  0.0003
453  0.0001
454  0.0002
455  0.0001
456  0.0001
457  0.0004
458  0.0001
460  0.0002
461  0.0002
462  0.0003
463  0.0003
464  0.0003
467  0.0002
470  0.0002
471  0.0002
472  0.0002
473  0.0001
474  0.0001
476  0.0003
478  0.0003
479  0.0001
482  0.0001
487  0.0001
489  0.0001
490  0.0003
493  0.0002
494  0.0003
495  0.0003
496  0.0002
497  0.0001
498  0.0002
500  0.0002
501  0.0001
502  0.0002
503  0.0001
504  0.0001
505  0.0002
506  0.0003
511  0.0001
512  0.0001
513  0.0003
515  0.0001
517  0.0001
518  0.0001
520  0.0001
522  0.0001
525  0.0001
526  0.0001
527  0.0002
528  0.0002
529  0.0002
530  0.0001
533  0.0002
534  0.0002
537  0.0001
538  0.0002
539  0.0001
544  0.0001
546  0.0002
549  0.0002
552  0.0001
556  0.0001
558  0.0001
559  0.0001
561  0.0001
568  0.0001
574  0.0001
575  0.0001
580  0.0002
582  0.0001
587  0.0001
589  0.0001
590  0.0001
596  0.0001
600  0.0001
601  0.0001
606  0.0001
609  0.0001
618  0.0001
624  0.0001
634  0.0001
655  0.0001
661  0.0001
669  0.0001
683  0.0001
702  0.0001
710  0.0001
742  0.0001
785  0.0001
814  0.0001
