1  136.724
2  40.2315
3  25.1461
4  16.6715
5  11.7138
6  8.6417
7  6.6548
8  5.2047
9  4.1682
10  3.3953
11  2.7974
12  2.3497
13  1.9731
14  1.6544
15  1.4061
16  1.2056
17  1.0559
18  0.9096
19  0.7867
20  0.6914
21  0.6009
22  0.5139
23  0.4535
24  0.4041
25  0.3514
26  0.3069
27  0.2781
28  0.2523
29  0.2169
30  0.1905
31  0.1705
32  0.1579
33  0.1378
34  0.1224
35  0.1149
36  0.1041
37  0.0947
38  0.082
39  0.0703
40  0.064
41  0.0572
42  0.0561
43  0.0488
44  0.0471
45  0.0421
46  0.0355
47  0.0333
48  0.0274
49  0.0257
50  0.0244
51  0.0216
52  0.0212
53  0.0184
54  0.0164
55  0.0149
56  0.0143
57  0.0116
58  0.0109
59  0.0107
60  0.0095
61  0.0078
62  0.0079
63  0.0067
64  0.006
65  0.0059
66  0.005
67  0.0047
68  0.0038
69  0.0049
70  0.0046
71  0.0024
72  0.0032
73  0.0025
74  0.0027
75  0.001
76  0.0015
77  0.0016
78  0.0017
79  0.0014
80  0.0014
81  0.002
82  0.0018
83  0.0014
84  0.0014
85  0.001
86  0.0007
87  0.0005
88  0.0005
89  0.0006
90  0.0007
91  0.0008
92  0.0006
93  0.0005
94  0.0009
95  0.0003
96  0.0004
97  0.0006
99  0.0004
101  0.0005
102  0.0002
103  0.0002
104  0.0004
105  0.0003
106  0.0002
107  0.0001
108  0.0003
112  0.0001
113  0.0002
114  0.0001
115  0.0003
117  0.0001
118  0.0001
119  0.0001
120  0.0001
122  0.0001
123  0.0001
125  0.0001
127  0.0001
133  0.0002
137  0.0001
150  0.0001
