1  62.0169
2  8.9028
3  4.5025
4  2.5379
5  1.5614
6  1.019
7  0.7182
8  0.5293
9  0.3861
10  0.3009
11  0.2323
12  0.1866
13  0.1523
14  0.1254
15  0.114
16  0.0921
17  0.0762
18  0.0669
19  0.0574
20  0.0477
21  0.0464
22  0.0386
23  0.0345
24  0.0306
25  0.0257
26  0.0245
27  0.0228
28  0.0193
29  0.0179
30  0.0176
31  0.0123
32  0.0137
33  0.0114
34  0.0118
35  0.0095
36  0.0097
37  0.0105
38  0.0084
39  0.0077
40  0.006
41  0.0083
42  0.0052
43  0.0055
44  0.0062
45  0.004
46  0.0056
47  0.0036
48  0.0024
49  0.003
50  0.0038
51  0.0036
52  0.0034
53  0.0029
54  0.0024
55  0.0019
56  0.0021
57  0.002
58  0.0028
59  0.0035
60  0.0032
61  0.0026
62  0.0019
63  0.0014
64  0.0023
65  0.0017
66  0.0014
67  0.001
68  0.0016
69  0.0007
70  0.0011
71  0.0014
72  0.001
73  0.002
74  0.0016
75  0.0007
76  0.0015
77  0.0006
78  0.0008
79  0.0006
80  0.0003
81  0.0011
82  0.0006
83  0.0007
84  0.0004
85  0.0004
86  0.0009
87  0.0008
88  0.0008
89  0.0007
90  0.0004
91  0.0006
92  0.0004
93  0.0004
94  0.0006
95  0.0006
96  0.0002
97  0.0002
98  0.0004
99  0.0006
100  0.0002
101  0.0005
102  0.0007
103  0.0002
104  0.0001
105  0.0003
106  0.0003
107  0.0003
108  0.0003
109  0.0003
110  0.0007
111  0.0005
112  0.0004
113  0.0002
114  0.0002
115  0.0003
116  0.0004
118  0.0003
119  0.0001
120  0.0004
121  0.0001
122  0.0003
123  0.0001
124  0.0001
126  0.0006
128  0.0001
129  0.0002
130  0.0003
131  0.0001
133  0.0002
134  0.0002
135  0.0001
137  0.0002
138  0.0001
141  0.0001
142  0.0002
143  0.0002
144  0.0003
145  0.0003
146  0.0001
149  0.0002
150  0.0001
151  0.0001
152  0.0002
153  0.0001
154  0.0002
155  0.0001
156  0.0002
158  0.0002
161  0.0001
162  0.0001
164  0.0001
165  0.0001
169  0.0001
171  0.0001
176  0.0002
179  0.0001
185  0.0001
189  0.0001
192  0.0001
196  0.0001
198  0.0001
199  0.0001
202  0.0001
209  0.0001
210  0.0001
227  0.0001
229  0.0001
238  0.0001
248  0.0001
254  0.0001
301  0.0001
323  0.0001
395  0.0001
475  0.0001
6374  0.0001
6438  0.0001
6451  0.0001
6474  0.0002
6483  0.0001
6486  0.0001
6499  0.0001
6507  0.0001
6510  0.0001
6517  0.0001
6525  0.0001
6529  0.0001
6538  0.0001
6540  0.0001
6545  0.0001
6550  0.0001
6553  0.0001
6554  0.0002
6555  0.0001
6572  0.0001
6574  0.0001
6577  0.0001
6578  0.0001
6580  0.0001
6581  0.0001
6582  0.0001
6587  0.0001
6588  0.0002
6589  0.0001
6590  0.0002
6592  0.0001
6593  0.0001
6595  0.0002
6596  0.0001
6597  0.0002
6598  0.0002
6600  0.0001
6601  0.0001
6602  0.0001
6603  0.0002
6604  0.0001
6605  0.0001
6606  0.0002
6607  0.0001
6608  0.0002
6609  0.0001
6610  0.0001
6612  0.0001
6613  0.0003
6614  0.0002
6616  0.0003
6618  0.0001
6619  0.0003
6620  0.0001
6623  0.0002
6624  0.0003
6625  0.0003
6626  0.0002
6627  0.0002
6628  0.0001
6630  0.0002
6631  0.0002
6632  0.0003
6633  0.0001
6634  0.0001
6635  0.0001
6636  0.0003
6638  0.0002
6639  0.0003
6640  0.0001
6641  0.0003
6642  0.0002
6643  0.0005
6644  0.0002
6645  0.0003
6646  0.0002
6647  0.0002
6648  0.0003
6649  0.0004
6650  0.0002
6651  0.0002
6652  0.0003
6653  0.0003
6655  0.0002
6656  0.0003
6657  0.0008
6659  0.0005
6660  0.0002
6661  0.0006
6662  0.0004
6663  0.0003
6664  0.0007
6665  0.0003
6666  0.0002
6667  0.0005
6668  0.001
6669  0.0004
6670  0.0007
6671  0.0006
6672  0.0007
6673  0.0004
6674  0.0004
6675  0.0007
6676  0.0003
6677  0.0005
6678  0.0005
6679  0.0004
6680  0.001
6681  0.0007
6682  0.001
6683  0.0005
6684  0.0004
6685  0.0003
6686  0.0008
6687  0.0008
6688  0.0007
6689  0.0003
6690  0.0007
6691  0.0011
6692  0.0015
6693  0.0006
6694  0.0008
6695  0.0011
6696  0.0008
6697  0.0004
6698  0.0011
6699  0.0011
6700  0.0012
6701  0.0011
6702  0.0012
6703  0.0013
6704  0.0013
6705  0.0011
6706  0.001
6707  0.0011
6708  0.0019
6709  0.0013
6710  0.0013
6711  0.0015
6712  0.0011
6713  0.0012
6714  0.0013
6715  0.0016
6716  0.0017
6717  0.001
6718  0.001
6719  0.001
6720  0.0018
6721  0.0021
6722  0.0018
6723  0.0016
6724  0.0017
6725  0.0014
6726  0.0011
6727  0.0007
6728  0.0016
6729  0.0015
6730  0.0021
6731  0.0008
6732  0.0024
6733  0.002
6734  0.0022
6735  0.0024
6736  0.0019
6737  0.0022
6738  0.0015
6739  0.0017
6740  0.0022
6741  0.0023
6742  0.0014
6743  0.002
6744  0.0019
6745  0.0016
6746  0.0026
6747  0.0026
6748  0.0026
6749  0.0026
6750  0.0029
6751  0.0028
6752  0.0031
6753  0.0035
6754  0.0021
6755  0.0027
6756  0.0025
6757  0.0028
6758  0.0032
6759  0.003
6760  0.004
6761  0.0023
6762  0.0026
6763  0.0041
6764  0.0031
6765  0.0032
6766  0.0022
6767  0.003
6768  0.0032
6769  0.0024
6770  0.003
6771  0.0033
6772  0.0027
6773  0.0044
6774  0.0045
6775  0.0036
6776  0.0035
6777  0.0038
6778  0.0048
6779  0.0034
6780  0.0039
6781  0.0031
6782  0.0031
6783  0.0043
6784  0.0042
6785  0.0036
6786  0.0039
6787  0.0033
6788  0.0041
6789  0.0049
6790  0.0053
6791  0.0042
6792  0.0051
6793  0.0045
6794  0.0046
6795  0.004
6796  0.0049
6797  0.0056
6798  0.0036
6799  0.0056
6800  0.0035
6801  0.006
6802  0.0046
6803  0.0046
6804  0.0041
6805  0.0043
6806  0.0054
6807  0.0056
6808  0.0055
6809  0.004
6810  0.0056
6811  0.0051
6812  0.0056
6813  0.0044
6814  0.0046
6815  0.0059
6816  0.004
6817  0.007
6818  0.0053
6819  0.0049
6820  0.0059
6821  0.0055
6822  0.0049
6823  0.0058
6824  0.0051
6825  0.0062
6826  0.0053
6827  0.0047
6828  0.0041
6829  0.0048
6830  0.0062
6831  0.0051
6832  0.0064
6833  0.0054
6834  0.0059
6835  0.0051
6836  0.0054
6837  0.0059
6838  0.005
6839  0.0049
6840  0.0054
6841  0.0073
6842  0.0044
6843  0.0046
6844  0.0053
6845  0.0048
6846  0.0058
6847  0.0066
6848  0.0073
6849  0.006
6850  0.0049
6851  0.0074
6852  0.0065
6853  0.0052
6854  0.0072
6855  0.0051
6856  0.0054
6857  0.0067
6858  0.0061
6859  0.006
6860  0.0044
6861  0.0054
6862  0.0052
6863  0.0059
6864  0.0049
6865  0.0048
6866  0.0052
6867  0.0073
6868  0.0044
6869  0.0067
6870  0.0055
6871  0.0048
6872  0.0052
6873  0.0041
6874  0.0065
6875  0.0048
6876  0.0055
6877  0.0043
6878  0.0052
6879  0.0056
6880  0.0057
6881  0.0049
6882  0.0065
6883  0.0049
6884  0.0039
6885  0.0036
6886  0.0041
6887  0.0034
6888  0.0049
6889  0.0051
6890  0.0042
6891  0.0041
6892  0.0045
6893  0.0043
6894  0.0042
6895  0.0035
6896  0.0041
6897  0.0037
6898  0.0036
6899  0.0041
6900  0.0037
6901  0.0033
6902  0.0035
6903  0.0041
6904  0.0044
6905  0.0044
6906  0.0041
6907  0.0038
6908  0.0039
6909  0.0031
6910  0.0032
6911  0.0042
6912  0.0037
6913  0.0035
6914  0.0023
6915  0.0029
6916  0.0029
6917  0.004
6918  0.0026
6919  0.0031
6920  0.0014
6921  0.0026
6922  0.0023
6923  0.0018
6924  0.0024
6925  0.0031
6926  0.0017
6927  0.0022
6928  0.0021
6929  0.0023
6930  0.0028
6931  0.002
6932  0.0019
6933  0.0022
6934  0.0025
6935  0.0023
6936  0.0027
6937  0.0018
6938  0.0026
6939  0.0019
6940  0.0023
6941  0.0012
6942  0.0019
6943  0.0016
6944  0.002
6945  0.0019
6946  0.0014
6947  0.002
6948  0.0019
6949  0.0022
6950  0.0007
6951  0.0017
6952  0.001
6953  0.0011
6954  0.0016
6955  0.0011
6956  0.0015
6957  0.0009
6958  0.0017
6959  0.0018
6960  0.001
6961  0.0016
6962  0.0004
6963  0.0015
6964  0.0012
6965  0.0008
6966  0.0015
6967  0.0009
6968  0.0009
6969  0.0009
6970  0.0004
6971  0.0008
6972  0.0006
6973  0.0004
6974  0.001
6975  0.0004
6976  0.0006
6977  0.0005
6978  0.0004
6979  0.0004
6980  0.0004
6981  0.0005
6982  0.0006
6983  0.0007
6984  0.0004
6985  0.0003
6986  0.0004
6987  0.0003
6988  0.0002
6989  0.0003
6990  0.0001
6991  0.0006
6992  0.0003
6993  0.0004
6994  0.0004
6995  0.0005
6996  0.001
6997  0.0004
6998  0.0003
6999  0.0002
7000  0.0002
7001  0.0003
7002  0.0002
7003  0.0001
7004  0.0002
7005  0.0002
7007  0.0002
7009  0.0001
7010  0.0003
7011  0.0002
7012  0.0001
7013  0.0002
7014  0.0003
7015  0.0001
7017  0.0003
7018  0.0002
7019  0.0002
7022  0.0003
7026  0.0001
7027  0.0002
7028  0.0001
7029  0.0002
7033  0.0001
7040  0.0001
7042  0.0003
7043  0.0001
7044  0.0001
7052  0.0001
7053  0.0001
7055  0.0002
7059  0.0001
7062  0.0001
7068  0.0001
7084  0.0001
7097  0.0001
