1  16.9392
2  2.7185
3  1.4257
4  0.8429
5  0.5311
6  0.3454
7  0.2601
8  0.1831
9  0.1412
10  0.1154
11  0.0998
12  0.0747
13  0.0679
14  0.054
15  0.0474
16  0.0414
17  0.0346
18  0.0267
19  0.0256
20  0.0248
21  0.0197
22  0.0171
23  0.0158
24  0.0147
25  0.0137
26  0.0133
27  0.0107
28  0.0101
29  0.0083
30  0.0088
31  0.0078
32  0.0079
33  0.0077
34  0.0063
35  0.0051
36  0.0065
37  0.0049
38  0.0056
39  0.0042
40  0.0041
41  0.0042
42  0.0035
43  0.0038
44  0.0035
45  0.0022
46  0.0029
47  0.0025
48  0.0019
49  0.0013
50  0.0027
51  0.0019
52  0.0025
53  0.0009
54  0.0027
55  0.0018
56  0.0016
57  0.0013
58  0.0021
59  0.0012
60  0.0016
61  0.0012
62  0.0008
63  0.0016
64  0.0011
65  0.0013
66  0.0011
67  0.0014
68  0.0008
69  0.0007
70  0.001
71  0.0005
72  0.0011
73  0.0007
74  0.0011
75  0.0003
76  0.0009
77  0.0011
78  0.0004
79  0.0005
80  0.0009
81  0.0006
82  0.0004
83  0.001
84  0.0004
85  0.0008
86  0.0001
87  0.0005
88  0.0005
89  0.0006
90  0.0006
91  0.0004
92  0.0006
93  0.0004
94  0.0003
95  0.0003
96  0.0001
97  0.0003
98  0.0001
99  0.0004
101  0.0003
102  0.0001
103  0.0001
104  0.0002
105  0.0002
106  0.0001
108  0.0003
109  0.0001
110  0.0004
111  0.0001
112  0.0004
113  0.0004
114  0.0002
115  0.0003
116  0.0002
117  0.0001
118  0.0001
119  0.0002
120  0.0003
121  0.0002
123  0.0002
124  0.0001
125  0.0003
126  0.0003
127  0.0003
128  0.0003
129  0.0001
133  0.0001
136  0.0003
139  0.0001
141  0.0004
142  0.0001
143  0.0002
145  0.0001
147  0.0001
148  0.0002
149  0.0001
150  0.0001
151  0.0001
152  0.0002
153  0.0001
154  0.0002
156  0.0001
158  0.0001
160  0.0001
163  0.0001
164  0.0002
167  0.0001
168  0.0001
171  0.0001
173  0.0001
180  0.0001
181  0.0002
182  0.0002
186  0.0001
188  0.0001
189  0.0002
190  0.0001
192  0.0001
196  0.0001
197  0.0001
212  0.0001
217  0.0002
219  0.0002
222  0.0002
233  0.0001
236  0.0001
239  0.0001
246  0.0001
253  0.0001
254  0.0001
258  0.0001
261  0.0001
276  0.0001
282  0.0001
310  0.0001
318  0.0001
329  0.0001
416  0.0001
482  0.0001
575  0.0001
682  0.0001
964  0.0001
1092  0.0001
1156  0.0001
1271  0.0001
1289  0.0001
1333  0.0001
1356  0.0001
1368  0.0001
1376  0.0001
1379  0.0001
1390  0.0002
1393  0.0001
1418  0.0001
1421  0.0001
1427  0.0001
1428  0.0001
1430  0.0001
1433  0.0003
1436  0.0001
1440  0.0001
1441  0.0001
1448  0.0001
1449  0.0001
1459  0.0001
1460  0.0001
1461  0.0001
1462  0.0001
1466  0.0002
1468  0.0001
1469  0.0001
1471  0.0002
1473  0.0001
1474  0.0002
1476  0.0001
1477  0.0001
1481  0.0002
1482  0.0001
1483  0.0001
1484  0.0001
1485  0.0001
1488  0.0002
1492  0.0001
1493  0.0001
1495  0.0001
1497  0.0002
1498  0.0001
1499  0.0001
1501  0.0001
1507  0.0001
1510  0.0004
1511  0.0004
1512  0.0001
1515  0.0001
1516  0.0001
1518  0.0002
1520  0.0003
1521  0.0002
1522  0.0003
1524  0.0003
1526  0.0003
1528  0.0001
1529  0.0002
1530  0.0001
1531  0.0002
1533  0.0001
1534  0.0002
1535  0.0001
1536  0.0002
1538  0.0001
1539  0.0003
1540  0.0001
1541  0.0002
1542  0.0002
1543  0.0002
1544  0.0004
1545  0.0001
1546  0.0002
1547  0.0002
1548  0.0001
1549  0.0005
1550  0.0003
1551  0.0005
1552  0.0007
1554  0.0003
1555  0.0007
1556  0.0003
1557  0.0004
1558  0.0001
1559  0.0002
1560  0.0002
1561  0.0003
1562  0.0002
1563  0.0003
1564  0.0004
1565  0.0003
1566  0.0002
1567  0.0004
1568  0.0003
1569  0.0005
1570  0.0004
1571  0.0004
1572  0.0003
1573  0.0005
1574  0.0003
1575  0.0004
1576  0.0005
1577  0.0003
1578  0.0005
1579  0.001
1580  0.0003
1581  0.0003
1582  0.0007
1583  0.0005
1584  0.001
1585  0.0006
1586  0.0008
1587  0.0007
1588  0.0004
1589  0.0005
1590  0.0003
1591  0.0009
1592  0.0009
1593  0.0004
1594  0.0013
1595  0.0009
1596  0.0011
1597  0.0006
1598  0.0008
1599  0.0014
1600  0.0014
1601  0.0008
1602  0.0011
1603  0.001
1604  0.0011
1605  0.0011
1606  0.0014
1607  0.0013
1608  0.0014
1609  0.0008
1610  0.0015
1611  0.002
1612  0.0016
1613  0.0019
1614  0.001
1615  0.0011
1616  0.0012
1617  0.0009
1618  0.0013
1619  0.0017
1620  0.0023
1621  0.0019
1622  0.0019
1623  0.0013
1624  0.0023
1625  0.003
1626  0.0027
1627  0.0022
1628  0.0025
1629  0.0015
1630  0.0022
1631  0.0023
1632  0.0026
1633  0.0032
1634  0.0032
1635  0.0032
1636  0.0031
1637  0.0029
1638  0.0035
1639  0.0024
1640  0.0039
1641  0.0029
1642  0.0036
1643  0.0043
1644  0.0034
1645  0.0043
1646  0.0042
1647  0.0051
1648  0.0045
1649  0.0039
1650  0.0043
1651  0.0038
1652  0.0052
1653  0.0041
1654  0.0054
1655  0.0041
1656  0.004
1657  0.0046
1658  0.0055
1659  0.0042
1660  0.0062
1661  0.0059
1662  0.0062
1663  0.006
1664  0.0063
1665  0.0059
1666  0.0062
1667  0.0057
1668  0.0071
1669  0.0072
1670  0.0072
1671  0.0064
1672  0.0076
1673  0.0073
1674  0.0082
1675  0.008
1676  0.0073
1677  0.0083
1678  0.0084
1679  0.0087
1680  0.0088
1681  0.0095
1682  0.0081
1683  0.0113
1684  0.0086
1685  0.0093
1686  0.0095
1687  0.0101
1688  0.0095
1689  0.0087
1690  0.0098
1691  0.01
1692  0.0088
1693  0.0077
1694  0.0098
1695  0.01
1696  0.0093
1697  0.01
1698  0.0111
1699  0.0117
1700  0.009
1701  0.0112
1702  0.0111
1703  0.0107
1704  0.0113
1705  0.0091
1706  0.0097
1707  0.0098
1708  0.0096
1709  0.0104
1710  0.0114
1711  0.0101
1712  0.0087
1713  0.0092
1714  0.0098
1715  0.0074
1716  0.0098
1717  0.0077
1718  0.0101
1719  0.0087
1720  0.01
1721  0.008
1722  0.0084
1723  0.0085
1724  0.0081
1725  0.0084
1726  0.009
1727  0.0069
1728  0.0077
1729  0.0068
1730  0.008
1731  0.0078
1732  0.0091
1733  0.0073
1734  0.0071
1735  0.0087
1736  0.0069
1737  0.006
1738  0.0064
1739  0.0063
1740  0.0056
1741  0.0062
1742  0.0056
1743  0.0067
1744  0.0056
1745  0.005
1746  0.0031
1747  0.0046
1748  0.004
1749  0.0051
1750  0.0046
1751  0.0037
1752  0.0033
1753  0.0033
1754  0.004
1755  0.0039
1756  0.0033
1757  0.0029
1758  0.0024
1759  0.0022
1760  0.0019
1761  0.002
1762  0.0015
1763  0.0027
1764  0.0023
1765  0.0023
1766  0.0018
1767  0.0011
1768  0.0017
1769  0.0018
1770  0.0017
1771  0.001
1772  0.0011
1773  0.0005
1774  0.0007
1775  0.0009
1776  0.0007
1777  0.0008
1778  0.0007
1779  0.0007
1780  0.0001
1781  0.0007
1782  0.0006
1783  0.0007
1784  0.0004
1785  0.0004
1786  0.0003
1787  0.0005
1789  0.0003
1790  0.0002
1791  0.0003
1792  0.0002
1793  0.0002
1794  0.0001
1796  0.0001
1797  0.0001
1799  0.0001
1800  0.0001
1801  0.0001
1802  0.0001
1804  0.0001
1805  0.0001
1807  0.0001
1817  0.0001
1822  0.0001
