1  6.6706
2  2.0858
3  1.2827
4  0.8263
5  0.5681
6  0.3945
7  0.2974
8  0.2369
9  0.1782
10  0.1369
11  0.1149
12  0.0886
13  0.0717
14  0.0586
15  0.0471
16  0.0381
17  0.0336
18  0.0264
19  0.0233
20  0.018
21  0.0154
22  0.0135
23  0.0137
24  0.0098
25  0.0091
26  0.0066
27  0.0067
28  0.0039
29  0.0044
30  0.0034
31  0.0027
32  0.0024
33  0.0018
34  0.0013
35  0.0013
36  0.001
37  0.0012
38  0.0009
39  0.0006
40  0.0005
41  0.0003
42  0.0002
43  0.0002
44  0.0001
45  0.0002
47  0.0002
48  0.0001
52  0.0001
