1  2.5523
2  0.7222
3  0.4852
4  0.3161
5  0.2269
6  0.1805
7  0.1346
8  0.1183
9  0.1025
10  0.0843
11  0.0738
12  0.0665
13  0.0641
14  0.0506
15  0.0458
16  0.0469
17  0.0372
18  0.0361
19  0.0344
20  0.0334
21  0.0289
22  0.0281
23  0.0264
24  0.0243
25  0.0266
26  0.0252
27  0.0211
28  0.0205
29  0.0247
30  0.024
31  0.0211
32  0.0227
33  0.0251
34  0.0208
35  0.0195
36  0.0195
37  0.0222
38  0.0209
39  0.0225
40  0.0207
41  0.0186
42  0.0238
43  0.0179
44  0.023
45  0.0227
46  0.0219
47  0.0186
48  0.023
49  0.0206
50  0.0218
51  0.0204
52  0.0209
53  0.0206
54  0.0193
55  0.0191
56  0.0192
57  0.018
58  0.0164
59  0.018
60  0.016
61  0.0156
62  0.0163
63  0.0129
64  0.0101
65  0.0101
66  0.0095
67  0.0073
68  0.0045
69  0.0043
70  0.0026
71  0.0023
72  0.0014
73  0.0006
74  0.0007
