1  43.1907
2  9.2854
3  5.5308
4  3.5807
5  2.5157
6  1.8543
7  1.4148
8  1.1345
9  0.9294
10  0.7774
11  0.6472
12  0.5849
13  0.5034
14  0.434
15  0.3774
16  0.3503
17  0.3067
18  0.2746
19  0.2598
20  0.2317
21  0.215
22  0.1955
23  0.1895
24  0.1616
25  0.1595
26  0.15
27  0.1384
28  0.1274
29  0.1234
30  0.1165
31  0.1089
32  0.103
33  0.0951
34  0.0943
35  0.0861
36  0.0845
37  0.072
38  0.0763
39  0.0724
40  0.0701
41  0.0674
42  0.0626
43  0.0579
44  0.056
45  0.0548
46  0.0578
47  0.0523
48  0.0496
49  0.0486
50  0.0459
51  0.0432
52  0.0431
53  0.0464
54  0.0444
55  0.0431
56  0.0331
57  0.0392
58  0.0388
59  0.0387
60  0.0361
61  0.0335
62  0.03
63  0.0304
64  0.0304
65  0.0304
66  0.0276
67  0.0298
68  0.0302
69  0.0279
70  0.027
71  0.026
72  0.026
73  0.0272
74  0.0227
75  0.024
76  0.0225
77  0.024
78  0.0219
79  0.0205
80  0.0209
81  0.0213
82  0.0198
83  0.0173
84  0.0187
85  0.0174
86  0.0178
87  0.0176
88  0.0184
89  0.017
90  0.0174
91  0.0183
92  0.0165
93  0.015
94  0.0176
95  0.0135
96  0.0165
97  0.0148
98  0.0141
99  0.0134
100  0.0137
101  0.0166
102  0.0135
103  0.0132
104  0.0128
105  0.0111
106  0.0111
107  0.0131
108  0.0141
109  0.0129
110  0.0109
111  0.0097
112  0.0127
113  0.0138
114  0.009
115  0.0125
116  0.0119
117  0.0133
118  0.0111
119  0.0115
120  0.01
121  0.0114
122  0.0106
123  0.0111
124  0.01
125  0.0093
126  0.0088
127  0.0082
128  0.0093
129  0.0086
130  0.0099
131  0.0097
132  0.0095
133  0.0094
134  0.0083
135  0.009
136  0.0088
137  0.0101
138  0.0076
139  0.0092
140  0.0081
141  0.0075
142  0.0074
143  0.0091
144  0.0059
145  0.0076
146  0.0069
147  0.0076
148  0.0071
149  0.0065
150  0.0077
151  0.0069
152  0.0065
153  0.0086
154  0.0069
155  0.0075
156  0.0072
157  0.0067
158  0.0077
159  0.0072
160  0.0074
161  0.0058
162  0.006
163  0.007
164  0.0058
165  0.0063
166  0.0041
167  0.0059
168  0.0066
169  0.0055
170  0.0053
171  0.0055
172  0.0053
173  0.0054
174  0.0058
175  0.0048
176  0.006
177  0.0057
178  0.0059
179  0.0058
180  0.0059
181  0.0056
182  0.0044
183  0.0058
184  0.0046
185  0.005
186  0.0053
187  0.0054
188  0.0047
189  0.0048
190  0.0063
191  0.0057
192  0.005
193  0.0069
194  0.0045
195  0.0035
196  0.0037
197  0.0044
198  0.005
199  0.0034
200  0.0048
201  0.0044
202  0.0047
203  0.0045
204  0.0037
205  0.0037
206  0.0042
207  0.0045
208  0.0042
209  0.0032
210  0.0039
211  0.0037
212  0.0043
213  0.0038
214  0.0034
215  0.0037
216  0.0039
217  0.0034
218  0.0055
219  0.003
220  0.0036
221  0.0049
222  0.0035
223  0.0042
224  0.0027
225  0.0047
226  0.003
227  0.0052
228  0.0039
229  0.0028
230  0.0034
231  0.0041
232  0.0035
233  0.0032
234  0.0039
235  0.0032
236  0.0034
237  0.0033
238  0.0033
239  0.0032
240  0.0035
241  0.0027
242  0.0028
243  0.0037
244  0.0037
245  0.0029
246  0.0028
247  0.0038
248  0.0024
249  0.0037
250  0.0019
251  0.0021
252  0.0027
253  0.003
254  0.0031
255  0.0025
256  0.0023
257  0.0023
258  0.0023
259  0.0022
260  0.0031
261  0.0037
262  0.0025
263  0.0027
264  0.0029
265  0.0034
266  0.0031
267  0.0018
268  0.0023
269  0.0026
270  0.0022
271  0.0022
272  0.0022
273  0.003
274  0.0024
275  0.0028
276  0.002
277  0.003
278  0.002
279  0.0023
280  0.0023
281  0.0029
282  0.003
283  0.0025
284  0.0024
285  0.0028
286  0.0028
287  0.002
288  0.0023
289  0.0021
290  0.0025
291  0.0022
292  0.0024
293  0.0022
294  0.0021
295  0.0023
296  0.0025
297  0.0026
298  0.0022
299  0.0021
300  0.0028
301  0.0026
302  0.0022
303  0.0027
304  0.0025
305  0.003
306  0.0022
307  0.002
308  0.0015
309  0.0021
310  0.0022
311  0.0021
312  0.002
313  0.0019
314  0.0017
315  0.0018
316  0.0015
317  0.0023
318  0.003
319  0.0023
320  0.0014
321  0.0027
322  0.0019
323  0.0025
324  0.0018
325  0.0017
326  0.002
327  0.0021
328  0.0016
329  0.0017
330  0.0022
331  0.002
332  0.0021
333  0.0025
334  0.0029
335  0.0019
336  0.0015
337  0.0021
338  0.0019
339  0.0022
340  0.0012
341  0.0018
342  0.0022
343  0.0017
344  0.0024
345  0.002
346  0.0018
347  0.0013
348  0.0022
349  0.002
350  0.0029
351  0.0011
352  0.0019
353  0.0017
354  0.0021
355  0.0018
356  0.0023
357  0.0018
358  0.0016
359  0.0018
360  0.0018
361  0.0021
362  0.0017
363  0.0017
364  0.0017
365  0.0025
366  0.0013
367  0.0017
368  0.0017
369  0.0017
370  0.0017
371  0.002
372  0.0014
373  0.0017
374  0.001
375  0.0028
376  0.0019
377  0.0018
378  0.0019
379  0.0012
380  0.0018
381  0.0021
382  0.0022
383  0.0009
384  0.002
385  0.0019
386  0.0018
387  0.0022
388  0.0018
389  0.0024
390  0.002
391  0.0013
392  0.0016
393  0.001
394  0.0014
395  0.0021
396  0.0017
397  0.0019
398  0.0015
399  0.0012
400  0.0012
401  0.0014
402  0.0011
403  0.0017
404  0.001
405  0.0017
406  0.0012
407  0.0024
408  0.0016
409  0.0019
410  0.0016
411  0.0022
412  0.0014
413  0.0009
414  0.0018
415  0.0013
416  0.0008
417  0.0015
418  0.0012
419  0.0016
420  0.0014
421  0.0018
422  0.0011
423  0.0014
424  0.001
425  0.0017
426  0.0013
427  0.0023
428  0.0012
429  0.0014
430  0.0016
431  0.001
432  0.0011
433  0.0011
434  0.0019
435  0.0016
436  0.0012
437  0.0008
438  0.0015
439  0.0014
440  0.0012
441  0.0009
442  0.002
443  0.0015
444  0.0017
445  0.0015
446  0.0013
447  0.001
448  0.0014
449  0.0017
450  0.0012
451  0.0013
452  0.0014
453  0.0008
454  0.0016
455  0.001
456  0.0009
457  0.0007
458  0.0012
459  0.0009
460  0.0015
461  0.001
462  0.0022
463  0.0014
464  0.0011
465  0.0016
466  0.002
467  0.0013
468  0.001
469  0.0014
470  0.0015
471  0.0012
472  0.0011
473  0.0017
474  0.0008
475  0.001
476  0.0014
477  0.0014
478  0.0013
479  0.0014
480  0.0013
481  0.002
482  0.0009
483  0.0017
484  0.0015
485  0.0005
486  0.0013
487  0.0013
488  0.0008
489  0.0017
490  0.0013
491  0.0012
492  0.001
493  0.0011
494  0.001
495  0.0015
496  0.0012
497  0.0013
498  0.0007
499  0.0011
500  0.0016
501  0.0016
502  0.0008
503  0.0011
504  0.0018
505  0.0011
506  0.0012
507  0.0013
508  0.0012
509  0.0009
510  0.0007
511  0.0014
512  0.0012
513  0.001
514  0.002
515  0.0011
516  0.0012
517  0.0011
518  0.0007
519  0.001
520  0.0015
521  0.0012
522  0.0014
523  0.0014
524  0.0012
525  0.0014
526  0.0014
527  0.001
528  0.0013
529  0.0019
530  0.0007
531  0.001
532  0.001
533  0.0012
534  0.0017
535  0.0015
536  0.0007
537  0.001
538  0.0017
539  0.0013
540  0.0009
541  0.0015
542  0.0015
543  0.0011
544  0.0007
545  0.0009
546  0.0011
547  0.001
548  0.0009
549  0.0014
550  0.0012
551  0.0008
552  0.0014
553  0.0008
554  0.0008
555  0.0016
556  0.001
557  0.0013
558  0.001
559  0.001
560  0.0008
561  0.0018
562  0.0009
563  0.0016
564  0.001
565  0.0012
566  0.0014
567  0.0016
568  0.001
569  0.0017
570  0.0009
571  0.0018
572  0.0015
573  0.0013
574  0.0015
575  0.0009
576  0.0012
577  0.0017
578  0.0011
579  0.0009
580  0.0014
581  0.002
582  0.0014
583  0.0011
584  0.0015
585  0.0011
586  0.001
587  0.0012
588  0.002
589  0.0009
590  0.0008
591  0.0012
592  0.0008
593  0.0021
594  0.001
595  0.0011
596  0.0009
597  0.0012
598  0.0013
599  0.0014
600  0.0011
601  0.0007
602  0.0011
603  0.001
604  0.0009
605  0.0011
606  0.0005
607  0.0014
608  0.0009
609  0.0008
610  0.0011
611  0.0012
612  0.0009
613  0.001
614  0.0012
615  0.0009
616  0.0007
617  0.0009
618  0.0008
619  0.0012
620  0.0013
621  0.0004
622  0.0009
623  0.0015
624  0.0009
625  0.0008
626  0.001
627  0.0009
628  0.0015
629  0.0012
630  0.001
631  0.0008
632  0.0009
633  0.0011
634  0.0011
635  0.0008
636  0.0006
637  0.0008
638  0.0015
639  0.0013
640  0.0014
641  0.0012
642  0.0012
643  0.0015
644  0.0007
645  0.0008
646  0.0009
647  0.0008
648  0.0011
649  0.0017
650  0.0012
651  0.0007
652  0.0011
653  0.0011
654  0.0013
655  0.0013
656  0.0014
657  0.0007
658  0.0008
659  0.0007
660  0.0011
661  0.0013
662  0.0013
663  0.001
664  0.0009
665  0.0009
666  0.0009
667  0.0013
668  0.0007
669  0.0016
670  0.0016
671  0.001
672  0.0012
673  0.0014
674  0.0007
675  0.0018
676  0.001
677  0.0006
678  0.0009
679  0.0009
680  0.0009
681  0.0011
682  0.0017
683  0.001
684  0.0012
685  0.0011
686  0.0005
687  0.0018
688  0.0005
689  0.001
690  0.0011
691  0.0008
692  0.0014
693  0.0008
694  0.0007
695  0.0004
696  0.0008
697  0.0007
698  0.0011
699  0.0009
700  0.0007
701  0.0012
702  0.0005
703  0.0012
704  0.001
705  0.0012
706  0.0011
707  0.0007
708  0.0014
709  0.0009
710  0.0009
711  0.0013
712  0.001
713  0.0005
714  0.0009
715  0.0009
716  0.001
717  0.0016
718  0.0012
719  0.0017
720  0.0007
721  0.0013
722  0.0013
723  0.0011
724  0.0006
725  0.0013
726  0.0006
727  0.0009
728  0.0015
729  0.0016
730  0.0014
731  0.0007
732  0.0008
733  0.0009
734  0.0012
735  0.0011
736  0.0007
737  0.0012
738  0.0011
739  0.0011
740  0.001
741  0.0006
742  0.0015
743  0.0013
744  0.0017
745  0.0009
746  0.0011
747  0.0011
748  0.0007
749  0.0009
750  0.0014
751  0.001
752  0.0012
753  0.001
754  0.0014
755  0.0008
756  0.0008
757  0.0005
758  0.0015
759  0.0012
760  0.0006
761  0.0016
762  0.001
763  0.0009
764  0.0009
765  0.0008
766  0.0011
767  0.0007
768  0.0012
769  0.0013
770  0.0007
771  0.0014
772  0.0013
773  0.0009
774  0.0009
775  0.0007
776  0.0018
777  0.0008
778  0.0009
779  0.0011
780  0.0012
781  0.0015
782  0.0007
783  0.0012
784  0.0012
785  0.0013
786  0.0013
787  0.001
788  0.0013
789  0.0014
790  0.0007
791  0.0009
792  0.001
793  0.0012
794  0.0011
795  0.0018
796  0.0014
797  0.0012
798  0.0015
799  0.0016
800  0.0011
801  0.0006
802  0.0008
803  0.0015
804  0.0008
805  0.001
806  0.0014
807  0.0008
808  0.001
809  0.0009
810  0.0012
811  0.0011
812  0.001
813  0.0015
814  0.0013
815  0.0017
816  0.0009
817  0.0013
818  0.0013
819  0.0009
820  0.0011
821  0.0006
822  0.0011
823  0.0008
824  0.0012
825  0.0011
826  0.0011
827  0.0011
828  0.0009
829  0.0009
830  0.0016
831  0.0008
832  0.0009
833  0.0008
834  0.0009
835  0.0009
836  0.0013
837  0.0006
838  0.0012
839  0.0008
840  0.0009
841  0.0006
842  0.0011
843  0.0008
844  0.0015
845  0.0009
846  0.0013
847  0.001
848  0.0016
849  0.0013
850  0.0007
851  0.0005
852  0.0012
853  0.0011
854  0.0009
855  0.0009
856  0.002
857  0.0016
858  0.0015
859  0.001
860  0.0015
861  0.0016
862  0.001
863  0.0011
864  0.0008
865  0.0013
866  0.0013
867  0.0016
868  0.0008
869  0.0016
870  0.0011
871  0.0008
872  0.0009
873  0.0006
874  0.001
875  0.0015
876  0.0011
877  0.0015
878  0.0011
879  0.001
880  0.001
881  0.0009
882  0.0011
883  0.001
884  0.0013
885  0.0006
886  0.0015
887  0.001
888  0.0005
889  0.0013
890  0.0013
891  0.0008
892  0.0013
893  0.0013
894  0.0006
895  0.0007
896  0.0016
897  0.0007
898  0.0012
899  0.0013
900  0.0014
901  0.0012
902  0.0014
903  0.0009
904  0.0015
905  0.0012
906  0.0006
907  0.0012
908  0.0011
909  0.0007
910  0.001
911  0.0017
912  0.0007
913  0.0012
914  0.001
915  0.0014
916  0.0011
917  0.0014
918  0.001
919  0.0011
920  0.001
921  0.001
922  0.0014
923  0.0014
924  0.0012
925  0.0016
926  0.0002
927  0.0018
928  0.0015
929  0.0013
930  0.0016
931  0.0011
932  0.0007
933  0.002
934  0.0017
935  0.0013
936  0.0014
937  0.0007
938  0.0008
939  0.001
940  0.0007
941  0.0012
942  0.001
943  0.0011
944  0.001
945  0.0011
946  0.0014
947  0.0005
948  0.0008
949  0.0009
950  0.001
951  0.0012
952  0.0015
953  0.0014
954  0.0012
955  0.0008
956  0.0007
957  0.0006
958  0.0011
959  0.0013
960  0.0012
961  0.0017
962  0.001
963  0.0007
964  0.0012
965  0.0013
966  0.0014
967  0.0016
968  0.0008
969  0.0012
970  0.001
971  0.0017
972  0.0018
973  0.0015
974  0.0013
975  0.0011
976  0.0015
977  0.001
978  0.0019
979  0.001
980  0.0009
981  0.0011
982  0.0014
983  0.001
984  0.0012
985  0.0011
986  0.0012
987  0.0008
988  0.0013
989  0.0012
990  0.0011
991  0.0015
992  0.0018
993  0.0015
994  0.0019
995  0.0009
996  0.0012
997  0.0016
998  0.0015
999  0.0012
1000  0.0007
1001  0.0009
1002  0.0017
1003  0.0007
1004  0.0007
1005  0.0014
1006  0.0008
1007  0.0016
1008  0.001
1009  0.0014
1010  0.0012
1011  0.0012
1012  0.001
1013  0.0007
1014  0.0019
1015  0.0012
1016  0.0018
1017  0.0009
1018  0.0011
1019  0.0015
1020  0.001
1021  0.0009
1022  0.0014
1023  0.0013
1024  0.0016
1025  0.0014
1026  0.0015
1027  0.0014
1028  0.0016
1029  0.0012
1030  0.0007
1031  0.0009
1032  0.0013
1033  0.0007
1034  0.0013
1035  0.0006
1036  0.0015
1037  0.0011
1038  0.0012
1039  0.0007
1040  0.0005
1041  0.0011
1042  0.001
1043  0.0009
1044  0.0018
1045  0.0013
1046  0.0009
1047  0.0013
1048  0.0014
1049  0.0007
1050  0.0012
1051  0.0016
1052  0.0017
1053  0.0011
1054  0.0014
1055  0.0016
1056  0.0006
1057  0.0012
1058  0.0019
1059  0.0016
1060  0.0012
1061  0.0013
1062  0.0015
1063  0.0009
1064  0.0016
1065  0.0017
1066  0.0014
1067  0.0011
1068  0.001
1069  0.0009
1070  0.0017
1071  0.0006
1072  0.0006
1073  0.001
1074  0.0013
1075  0.0015
1076  0.0012
1077  0.0004
1078  0.0008
1079  0.0011
1080  0.0016
1081  0.0004
1082  0.0016
1083  0.0009
1084  0.0006
1085  0.0012
1086  0.0016
1087  0.0016
1088  0.0013
1089  0.0009
1090  0.001
1091  0.0013
1092  0.0011
1093  0.0009
1094  0.0011
1095  0.0011
1096  0.0011
1097  0.0008
1098  0.001
1099  0.0009
1100  0.001
1101  0.0012
1102  0.0014
1103  0.0011
1104  0.0009
1105  0.001
1106  0.001
1107  0.0014
1108  0.0018
1109  0.0007
1110  0.0012
1111  0.0009
1112  0.0011
1113  0.0008
1114  0.0009
1115  0.0008
1116  0.001
1117  0.0011
1118  0.001
1119  0.001
1120  0.0017
1121  0.001
1122  0.0009
1123  0.001
1124  0.0013
1125  0.001
1126  0.0011
1127  0.0007
1128  0.0007
1129  0.0012
1130  0.0017
1131  0.0012
1132  0.0005
1133  0.0009
1134  0.001
1135  0.002
1136  0.0009
1137  0.0011
1138  0.001
1139  0.0012
1140  0.0007
1141  0.0011
1142  0.0014
1143  0.001
1144  0.0007
1145  0.0009
1146  0.0014
1147  0.0012
1148  0.0008
1149  0.001
1150  0.0006
1151  0.001
1152  0.0009
1153  0.0006
1154  0.001
1155  0.0006
1156  0.0009
1157  0.001
1158  0.0018
1159  0.0012
1160  0.0008
1161  0.0005
1162  0.0008
1163  0.0012
1164  0.0006
1165  0.0005
1166  0.001
1167  0.0009
1168  0.0009
1169  0.0005
1170  0.0019
1171  0.0008
1172  0.0012
1173  0.0013
1174  0.0009
1175  0.0015
1176  0.0008
1177  0.0013
1178  0.0011
1179  0.001
1180  0.0011
1181  0.0017
1182  0.0013
1183  0.0011
1184  0.0012
1185  0.0009
1186  0.0006
1187  0.001
1188  0.0009
1189  0.001
1190  0.0005
1191  0.0005
1192  0.001
1193  0.0015
1194  0.0007
1195  0.0013
1196  0.0012
1197  0.0009
1198  0.0005
1199  0.0011
1200  0.0011
1201  0.0013
1202  0.0007
1203  0.0009
1204  0.0002
1205  0.0008
1206  0.0004
1207  0.0012
1208  0.001
1209  0.0005
1210  0.0005
1211  0.0009
1212  0.0008
1213  0.0007
1214  0.0008
1215  0.0007
1216  0.001
1217  0.0007
1218  0.0004
1219  0.0004
1220  0.0007
1221  0.0011
1222  0.0007
1223  0.0009
1224  0.0014
1225  0.0005
1226  0.0009
1227  0.001
1228  0.0013
1229  0.0009
1230  0.0003
1231  0.0009
1232  0.0007
1233  0.0011
1234  0.0008
1235  0.0009
1236  0.0009
1237  0.0007
1238  0.001
1239  0.001
1240  0.0013
1241  0.0009
1242  0.0016
1243  0.0007
1244  0.0014
1245  0.0005
1246  0.0005
1247  0.0015
1248  0.0013
1249  0.0008
1250  0.0007
1251  0.0008
1252  0.0013
1253  0.0012
1254  0.0005
1255  0.0007
1256  0.0012
1257  0.0006
1258  0.0006
1259  0.0008
1260  0.001
1261  0.0007
1262  0.001
1263  0.0001
1264  0.0006
1265  0.0007
1266  0.0007
1267  0.0004
1268  0.0011
1269  0.0003
1270  0.0004
1271  0.0006
1272  0.0011
1273  0.0009
1274  0.0004
1275  0.0007
1276  0.0004
1277  0.0001
1278  0.0004
1279  0.0002
1280  0.0009
1281  0.0006
1282  0.0006
1283  0.0008
1284  0.0007
1285  0.0002
1286  0.0007
1287  0.0011
1288  0.0002
1289  0.0007
1290  0.0006
1291  0.0006
1292  0.0005
1293  0.0002
1294  0.0004
1295  0.0002
1296  0.001
1297  0.0004
1298  0.0002
1299  0.0002
1300  0.0007
1301  0.0005
1302  0.0003
1303  0.001
1304  0.0003
1305  0.0005
1306  0.0008
1307  0.0004
1308  0.0006
1309  0.0008
1310  0.0006
1311  0.0003
1312  0.0003
1313  0.0003
1314  0.0003
1315  0.0007
1316  0.0007
1317  0.0006
1318  0.0003
1319  0.0003
1320  0.0005
1321  0.0003
1322  0.0003
1323  0.0005
1324  0.0004
1325  0.0001
1326  0.0005
1327  0.0003
1328  0.0004
1329  0.0004
1330  0.0005
1331  0.0004
1332  0.0007
1333  0.0004
1334  0.0003
1335  0.0002
1336  0.0005
1337  0.0003
1338  0.0005
1339  0.0004
1340  0.0001
1341  0.0003
1342  0.0001
1343  0.0003
1345  0.0002
1346  0.0002
1347  0.0003
1348  0.0004
1349  0.0001
1350  0.0003
1351  0.0001
1352  0.0004
1354  0.0003
1355  0.0002
1356  0.0001
1357  0.0002
1358  0.0001
1359  0.0001
1360  0.0003
1362  0.0001
1363  0.0003
1364  0.0001
1365  0.0003
1366  0.0002
1368  0.0003
1369  0.0004
1371  0.0003
1373  0.0002
1374  0.0003
1375  0.0001
1377  0.0002
1382  0.0001
1383  0.0001
1385  0.0003
1386  0.0003
1387  0.0001
1388  0.0002
1389  0.0001
1390  0.0001
1391  0.0002
1392  0.0001
1393  0.0001
1394  0.0002
1395  0.0001
1396  0.0001
1398  0.0001
1399  0.0001
1401  0.0001
1402  0.0001
1407  0.0003
1410  0.0002
1415  0.0002
1416  0.0001
1417  0.0001
1421  0.0001
1423  0.0001
1429  0.0001
1431  0.0001
1437  0.0001
1453  0.0002
1491  0.0001
