1  172.625
2  35.9645
3  21.2083
4  13.7236
5  9.4941
6  7.0412
7  5.3628
8  4.2239
9  3.4635
10  2.881
11  2.4176
12  2.0643
13  1.8035
14  1.5827
15  1.4038
16  1.2498
17  1.1251
18  1.0025
19  0.9343
20  0.8412
21  0.7614
22  0.7061
23  0.6487
24  0.5956
25  0.5596
26  0.5081
27  0.4772
28  0.45
29  0.4271
30  0.4004
31  0.3757
32  0.3565
33  0.3345
34  0.3228
35  0.3118
36  0.2834
37  0.2903
38  0.2568
39  0.2453
40  0.2361
41  0.2206
42  0.2214
43  0.2078
44  0.2001
45  0.1858
46  0.1827
47  0.1806
48  0.173
49  0.1623
50  0.156
51  0.1557
52  0.1431
53  0.1394
54  0.1311
55  0.1293
56  0.1302
57  0.1199
58  0.1109
59  0.1165
60  0.1098
61  0.1147
62  0.1125
63  0.1039
64  0.1059
65  0.0982
66  0.0893
67  0.0924
68  0.084
69  0.0893
70  0.0838
71  0.0862
72  0.0804
73  0.0792
74  0.0788
75  0.0711
76  0.0779
77  0.0743
78  0.0665
79  0.069
80  0.0666
81  0.0644
82  0.0648
83  0.0588
84  0.0611
85  0.0617
86  0.0627
87  0.0561
88  0.0565
89  0.0567
90  0.0498
91  0.0542
92  0.0527
93  0.0511
94  0.0515
95  0.0502
96  0.0492
97  0.0495
98  0.0469
99  0.0458
100  0.0475
101  0.0437
102  0.045
103  0.0443
104  0.0429
105  0.0443
106  0.0403
107  0.0441
108  0.0402
109  0.0379
110  0.0391
111  0.0385
112  0.0364
113  0.0358
114  0.0341
115  0.0338
116  0.0346
117  0.0314
118  0.0312
119  0.0314
120  0.0311
121  0.0353
122  0.0309
123  0.0326
124  0.028
125  0.0316
126  0.0288
127  0.0302
128  0.0284
129  0.0273
130  0.0272
131  0.0318
132  0.0259
133  0.0264
134  0.0272
135  0.0239
136  0.0262
137  0.0248
138  0.0254
139  0.0223
140  0.0255
141  0.0247
142  0.0244
143  0.0219
144  0.0217
145  0.0221
146  0.0224
147  0.0235
148  0.0234
149  0.0192
150  0.0242
151  0.0226
152  0.0249
153  0.0211
154  0.019
155  0.0206
156  0.0196
157  0.0181
158  0.0205
159  0.0202
160  0.0191
161  0.0194
162  0.0175
163  0.0209
164  0.0178
165  0.0192
166  0.0185
167  0.0183
168  0.0182
169  0.0172
170  0.0193
171  0.0158
172  0.0164
173  0.018
174  0.0172
175  0.0173
176  0.0154
177  0.0179
178  0.0189
179  0.0164
180  0.016
181  0.0158
182  0.0161
183  0.0171
184  0.0149
185  0.0154
186  0.0158
187  0.0141
188  0.015
189  0.0169
190  0.0159
191  0.016
192  0.0134
193  0.0152
194  0.0119
195  0.0143
196  0.015
197  0.0131
198  0.0148
199  0.0147
200  0.011
201  0.0135
202  0.0123
203  0.0132
204  0.0096
205  0.0137
206  0.0149
207  0.0133
208  0.0121
209  0.0113
210  0.0118
211  0.0132
212  0.0117
213  0.0112
214  0.0138
215  0.0113
216  0.0125
217  0.0112
218  0.0113
219  0.0119
220  0.0123
221  0.0113
222  0.0115
223  0.0115
224  0.0118
225  0.0103
226  0.0104
227  0.0107
228  0.0106
229  0.0108
230  0.0117
231  0.0091
232  0.01
233  0.0114
234  0.0097
235  0.0094
236  0.008
237  0.0099
238  0.0104
239  0.0111
240  0.0086
241  0.0088
242  0.0085
243  0.0096
244  0.0075
245  0.0097
246  0.0099
247  0.0081
248  0.0104
249  0.008
250  0.0086
251  0.0089
252  0.0085
253  0.0086
254  0.0078
255  0.0092
256  0.0083
257  0.007
258  0.0078
259  0.0078
260  0.0072
261  0.0093
262  0.0078
263  0.0098
264  0.0081
265  0.0081
266  0.006
267  0.0069
268  0.0091
269  0.01
270  0.0091
271  0.0072
272  0.0074
273  0.0072
274  0.0087
275  0.0068
276  0.0077
277  0.0086
278  0.0082
279  0.0082
280  0.007
281  0.0073
282  0.0091
283  0.0075
284  0.0087
285  0.0073
286  0.0053
287  0.0059
288  0.0057
289  0.0065
290  0.0066
291  0.0066
292  0.0063
293  0.0051
294  0.0063
295  0.0069
296  0.0074
297  0.0074
298  0.0064
299  0.0067
300  0.0076
301  0.0074
302  0.0076
303  0.0078
304  0.0074
305  0.0064
306  0.0074
307  0.0055
308  0.0069
309  0.0072
310  0.0066
311  0.0064
312  0.0058
313  0.0059
314  0.0061
315  0.0056
316  0.0058
317  0.007
318  0.006
319  0.0073
320  0.0053
321  0.0069
322  0.0057
323  0.0053
324  0.0065
325  0.0064
326  0.0055
327  0.0056
328  0.0066
329  0.0052
330  0.0054
331  0.0069
332  0.0057
333  0.0053
334  0.0062
335  0.0058
336  0.0061
337  0.0053
338  0.0058
339  0.0055
340  0.006
341  0.0044
342  0.0052
343  0.0063
344  0.0047
345  0.0063
346  0.0049
347  0.005
348  0.0041
349  0.0046
350  0.0052
351  0.0053
352  0.0052
353  0.004
354  0.005
355  0.005
356  0.0039
357  0.0049
358  0.0045
359  0.0071
360  0.0042
361  0.0038
362  0.0055
363  0.0043
364  0.0042
365  0.0043
366  0.0051
367  0.0049
368  0.0047
369  0.006
370  0.0051
371  0.0036
372  0.0044
373  0.0041
374  0.0046
375  0.0054
376  0.0037
377  0.0048
378  0.0049
379  0.0041
380  0.0058
381  0.0044
382  0.004
383  0.0037
384  0.0038
385  0.0044
386  0.0038
387  0.0042
388  0.0045
389  0.0038
390  0.0048
391  0.004
392  0.0042
393  0.0039
394  0.005
395  0.0037
396  0.0047
397  0.0032
398  0.0046
399  0.003
400  0.0047
401  0.0032
402  0.0036
403  0.0037
404  0.0032
405  0.0044
406  0.0048
407  0.0043
408  0.0047
409  0.0043
410  0.0037
411  0.0032
412  0.0045
413  0.0038
414  0.0043
415  0.0042
416  0.0041
417  0.004
418  0.0047
419  0.0035
420  0.0035
421  0.0042
422  0.0039
423  0.0043
424  0.003
425  0.003
426  0.0046
427  0.0033
428  0.0037
429  0.0035
430  0.0032
431  0.0036
432  0.0027
433  0.0026
434  0.0036
435  0.0033
436  0.0024
437  0.0033
438  0.0034
439  0.0036
440  0.0045
441  0.0037
442  0.0039
443  0.0034
444  0.0026
445  0.0032
446  0.0024
447  0.0045
448  0.0033
449  0.0036
450  0.0037
451  0.0035
452  0.0026
453  0.0045
454  0.0045
455  0.0035
456  0.0036
457  0.0027
458  0.0029
459  0.0032
460  0.0035
461  0.0024
462  0.0049
463  0.0034
464  0.0023
465  0.0035
466  0.004
467  0.0037
468  0.0027
469  0.0026
470  0.0022
471  0.0038
472  0.0032
473  0.0032
474  0.0031
475  0.0047
476  0.0037
477  0.0029
478  0.0029
479  0.003
480  0.0034
481  0.0027
482  0.0026
483  0.0032
484  0.0031
485  0.0025
486  0.0029
487  0.0035
488  0.0024
489  0.0026
490  0.0026
491  0.0031
492  0.0026
493  0.0034
494  0.0028
495  0.0028
496  0.0031
497  0.0031
498  0.0028
499  0.0023
500  0.0027
501  0.0022
502  0.0033
503  0.0031
504  0.0029
505  0.0032
506  0.0027
507  0.003
508  0.0032
509  0.0025
510  0.0016
511  0.0027
512  0.0024
513  0.0025
514  0.0027
515  0.0031
516  0.0036
517  0.004
518  0.003
519  0.0031
520  0.0026
521  0.0021
522  0.0029
523  0.0033
524  0.0026
525  0.0031
526  0.0031
527  0.0018
528  0.0028
529  0.0028
530  0.0019
531  0.0028
532  0.0022
533  0.0027
534  0.0027
535  0.0028
536  0.0021
537  0.0028
538  0.0024
539  0.003
540  0.0024
541  0.0026
542  0.0021
543  0.0025
544  0.0019
545  0.0022
546  0.0024
547  0.0032
548  0.0024
549  0.0029
550  0.0023
551  0.003
552  0.0026
553  0.0018
554  0.0025
555  0.0028
556  0.0025
557  0.0029
558  0.0023
559  0.0022
560  0.0022
561  0.0028
562  0.0024
563  0.0026
564  0.0022
565  0.0026
566  0.0024
567  0.0017
568  0.003
569  0.0032
570  0.002
571  0.0035
572  0.0027
573  0.0027
574  0.0018
575  0.0024
576  0.002
577  0.0017
578  0.0018
579  0.0021
580  0.0031
581  0.0018
582  0.0018
583  0.0016
584  0.0026
585  0.0024
586  0.002
587  0.0016
588  0.0025
589  0.0017
590  0.0016
591  0.0027
592  0.0029
593  0.0021
594  0.0023
595  0.0012
596  0.0021
597  0.0024
598  0.0022
599  0.0021
600  0.0014
601  0.0016
602  0.0016
603  0.0032
604  0.0018
605  0.0018
606  0.0015
607  0.0017
608  0.0026
609  0.0025
610  0.0028
611  0.0018
612  0.0023
613  0.0019
614  0.0014
615  0.0019
616  0.0015
617  0.0015
618  0.0024
619  0.0022
620  0.0015
621  0.0022
622  0.0018
623  0.002
624  0.0015
625  0.0021
626  0.0023
627  0.0021
628  0.0026
629  0.0019
630  0.0019
631  0.0022
632  0.0023
633  0.002
634  0.0018
635  0.0018
636  0.0013
637  0.0015
638  0.0026
639  0.0021
640  0.0022
641  0.0025
642  0.0016
643  0.0026
644  0.0019
645  0.0021
646  0.0012
647  0.0012
648  0.0021
649  0.0016
650  0.0018
651  0.0011
652  0.0018
653  0.0014
654  0.0016
655  0.0013
656  0.001
657  0.0016
658  0.0014
659  0.0016
660  0.0019
661  0.0017
662  0.0024
663  0.0014
664  0.0012
665  0.0014
666  0.0019
667  0.0018
668  0.0012
669  0.0016
670  0.0021
671  0.0015
672  0.0024
673  0.0016
674  0.002
675  0.0022
676  0.0016
677  0.0015
678  0.0015
679  0.0023
680  0.0018
681  0.0016
682  0.0011
683  0.0014
684  0.0018
685  0.0019
686  0.0017
687  0.002
688  0.0014
689  0.0019
690  0.0014
691  0.0012
692  0.0019
693  0.0013
694  0.0016
695  0.0012
696  0.002
697  0.0019
698  0.0009
699  0.0015
700  0.0018
701  0.0014
702  0.0019
703  0.0019
704  0.0016
705  0.0014
706  0.0019
707  0.002
708  0.0014
709  0.0007
710  0.0011
711  0.0008
712  0.0017
713  0.0015
714  0.0013
715  0.0014
716  0.0014
717  0.0019
718  0.0021
719  0.0022
720  0.0012
721  0.0019
722  0.0016
723  0.001
724  0.0012
725  0.0011
726  0.0014
727  0.002
728  0.0017
729  0.0024
730  0.002
731  0.0019
732  0.0008
733  0.0013
734  0.0013
735  0.0013
736  0.0012
737  0.0013
738  0.0007
739  0.0011
740  0.0021
741  0.0018
742  0.0016
743  0.0017
744  0.0013
745  0.0012
746  0.002
747  0.0012
748  0.0016
749  0.0015
750  0.0012
751  0.0011
752  0.0017
753  0.0016
754  0.0012
755  0.0012
756  0.0019
757  0.0014
758  0.001
759  0.0011
760  0.0015
761  0.0009
762  0.0011
763  0.0013
764  0.001
765  0.0011
766  0.0016
767  0.0016
768  0.0024
769  0.0012
770  0.0019
771  0.0018
772  0.0009
773  0.0012
774  0.0011
775  0.0018
776  0.0018
777  0.002
778  0.0011
779  0.0009
780  0.0012
781  0.0014
782  0.0008
783  0.0013
784  0.0016
785  0.0011
786  0.001
787  0.0015
788  0.0016
789  0.0012
790  0.0011
791  0.0008
792  0.0012
793  0.0013
794  0.0011
795  0.0022
796  0.0013
797  0.001
798  0.0005
799  0.0009
800  0.0012
801  0.0007
802  0.0014
803  0.0019
804  0.0016
805  0.0016
806  0.0013
807  0.0017
808  0.002
809  0.001
810  0.0015
811  0.0012
812  0.0012
813  0.0012
814  0.0012
815  0.0017
816  0.0016
817  0.0011
818  0.0016
819  0.0014
820  0.0007
821  0.0011
822  0.0012
823  0.0016
824  0.0013
825  0.0015
826  0.0012
827  0.0011
828  0.0011
829  0.0019
830  0.0013
831  0.0009
832  0.0008
833  0.0017
834  0.0006
835  0.0014
836  0.0009
837  0.0012
838  0.0012
839  0.0015
840  0.0013
841  0.0007
842  0.0021
843  0.0014
844  0.0008
845  0.001
846  0.0018
847  0.0014
848  0.0015
849  0.0009
850  0.0014
851  0.0012
852  0.0011
853  0.0012
854  0.001
855  0.0007
856  0.0013
857  0.0019
858  0.0005
859  0.001
860  0.001
861  0.0015
862  0.0012
863  0.0008
864  0.0013
865  0.0012
866  0.0008
867  0.0013
868  0.0007
869  0.0011
870  0.0004
871  0.0005
872  0.0011
873  0.0011
874  0.0008
875  0.0012
876  0.0006
877  0.0014
878  0.0012
879  0.0009
880  0.001
881  0.0004
882  0.0015
883  0.0008
884  0.0009
885  0.0008
886  0.0008
887  0.0012
888  0.0009
889  0.0012
890  0.0006
891  0.0009
892  0.0011
893  0.0014
894  0.0011
895  0.0009
896  0.0009
897  0.0014
898  0.0015
899  0.001
900  0.0009
901  0.0013
902  0.0008
903  0.0005
904  0.0007
905  0.001
906  0.001
907  0.0013
908  0.0005
909  0.0014
910  0.0009
911  0.0008
912  0.0007
913  0.0006
914  0.0007
915  0.0011
916  0.0019
917  0.0007
918  0.0011
919  0.0009
920  0.0012
921  0.0012
922  0.0008
923  0.0021
924  0.0004
925  0.001
926  0.0011
927  0.0009
928  0.001
929  0.0003
930  0.0012
931  0.0011
932  0.0012
933  0.0015
934  0.0011
935  0.0007
936  0.001
937  0.001
938  0.0013
939  0.0011
940  0.0007
941  0.0004
942  0.0013
943  0.0005
944  0.0014
945  0.0011
946  0.0009
947  0.0009
948  0.0012
949  0.0008
950  0.001
951  0.001
952  0.0008
953  0.001
954  0.0011
955  0.0011
956  0.0009
957  0.001
958  0.0008
959  0.0012
960  0.0007
961  0.0009
962  0.0006
963  0.0005
964  0.0012
965  0.0011
966  0.0008
967  0.0014
968  0.0009
969  0.0007
970  0.0014
971  0.0015
972  0.0007
973  0.0008
974  0.0008
975  0.0014
976  0.0007
977  0.0009
978  0.0011
979  0.0007
980  0.001
981  0.0009
982  0.0012
983  0.0012
984  0.001
985  0.0009
986  0.0007
987  0.0007
988  0.0008
989  0.0005
990  0.0013
991  0.0018
992  0.0007
993  0.0008
994  0.001
995  0.0014
996  0.0004
997  0.001
998  0.0016
999  0.0013
1000  0.0003
1001  0.0011
1002  0.0015
1003  0.0009
1004  0.0009
1005  0.0006
1006  0.0009
1007  0.0014
1008  0.0009
1009  0.0009
1010  0.0003
1011  0.001
1012  0.001
1013  0.0006
1014  0.0007
1015  0.0009
1016  0.0007
1017  0.001
1018  0.0003
1019  0.0007
1020  0.0015
1021  0.0014
1022  0.0006
1023  0.0012
1024  0.0012
1025  0.0005
1026  0.0013
1027  0.0007
1028  0.001
1029  0.0005
1030  0.0007
1031  0.001
1032  0.0005
1033  0.0005
1034  0.0008
1035  0.0003
1036  0.0005
1037  0.0005
1038  0.0006
1039  0.0006
1040  0.0005
1041  0.0006
1042  0.0011
1043  0.001
1044  0.0004
1045  0.0008
1046  0.0004
1047  0.0009
1048  0.0008
1049  0.0007
1050  0.0005
1051  0.0011
1052  0.0008
1053  0.001
1054  0.0004
1055  0.0016
1056  0.0011
1057  0.0009
1058  0.0007
1059  0.0007
1060  0.0008
1061  0.0005
1062  0.0006
1063  0.001
1064  0.0008
1065  0.0009
1066  0.0008
1067  0.001
1068  0.0013
1069  0.0006
1070  0.0014
1071  0.0006
1072  0.0005
1073  0.0006
1074  0.0005
1075  0.0012
1076  0.0007
1077  0.0005
1078  0.0009
1079  0.0006
1080  0.0008
1081  0.0005
1082  0.0005
1083  0.001
1084  0.0009
1085  0.0007
1086  0.001
1087  0.0004
1088  0.0008
1089  0.0012
1090  0.0011
1091  0.0006
1092  0.0008
1093  0.0007
1094  0.0012
1095  0.0008
1096  0.0009
1097  0.0004
1098  0.0008
1099  0.0007
1100  0.0011
1101  0.0012
1102  0.0004
1103  0.0003
1104  0.001
1105  0.0009
1106  0.0006
1107  0.0008
1108  0.0005
1109  0.0007
1110  0.0005
1111  0.0006
1112  0.0009
1113  0.0004
1114  0.0004
1115  0.0007
1116  0.0008
1117  0.0006
1118  0.0005
1119  0.0007
1120  0.0008
1121  0.0008
1122  0.0007
1123  0.0005
1124  0.001
1125  0.0004
1126  0.0006
1127  0.0009
1128  0.001
1129  0.0011
1130  0.0005
1131  0.0007
1132  0.0008
1133  0.0007
1134  0.0011
1135  0.0005
1136  0.0013
1137  0.0009
1138  0.0006
1139  0.0006
1140  0.0004
1141  0.0006
1142  0.001
1143  0.0007
1144  0.0009
1145  0.0005
1146  0.001
1147  0.0007
1148  0.0006
1149  0.0006
1150  0.0003
1151  0.001
1152  0.0008
1153  0.0005
1154  0.001
1155  0.001
1156  0.001
1157  0.0009
1158  0.0009
1159  0.0007
1160  0.0004
1161  0.0002
1162  0.0006
1163  0.0003
1164  0.0005
1165  0.0005
1166  0.0007
1167  0.001
1168  0.0005
1169  0.0005
1170  0.0002
1171  0.0008
1172  0.0012
1173  0.0005
1174  0.0006
1175  0.0004
1176  0.001
1177  0.0006
1178  0.0008
1179  0.0005
1180  0.0007
1181  0.0006
1182  0.0009
1183  0.0006
1184  0.0004
1185  0.0009
1186  0.0011
1187  0.0012
1188  0.0004
1189  0.0011
1190  0.0012
1191  0.0003
1192  0.0007
1193  0.0008
1194  0.0011
1195  0.001
1196  0.0013
1197  0.0008
1198  0.0003
1199  0.0004
1200  0.0003
1201  0.001
1202  0.0005
1203  0.001
1204  0.0005
1205  0.0005
1206  0.0003
1207  0.0006
1208  0.0008
1209  0.0009
1210  0.0007
1211  0.0002
1212  0.0006
1213  0.0005
1214  0.0009
1215  0.0006
1216  0.0009
1217  0.0012
1218  0.0004
1219  0.0008
1220  0.0008
1221  0.0007
1222  0.0008
1223  0.0005
1224  0.001
1225  0.0008
1226  0.0004
1227  0.0004
1228  0.0006
1229  0.0009
1230  0.0009
1231  0.0007
1232  0.0005
1233  0.0008
1234  0.0007
1235  0.0007
1236  0.0008
1237  0.001
1238  0.0007
1239  0.0003
1240  0.0007
1241  0.001
1242  0.0006
1243  0.0004
1244  0.0006
1245  0.0007
1246  0.0007
1247  0.0007
1248  0.0004
1249  0.0007
1250  0.0006
1251  0.0006
1252  0.0008
1253  0.0005
1254  0.0004
1255  0.0009
1256  0.001
1257  0.0003
1258  0.0006
1259  0.0005
1260  0.0008
1261  0.0008
1262  0.0008
1263  0.0005
1264  0.0003
1265  0.0005
1266  0.0006
1267  0.0009
1268  0.0006
1269  0.0004
1270  0.0004
1271  0.0005
1272  0.001
1273  0.0003
1274  0.0006
1275  0.0004
1276  0.0008
1277  0.0006
1278  0.0009
1279  0.0009
1280  0.0005
1281  0.0004
1282  0.0007
1283  0.0009
1284  0.0006
1285  0.0003
1286  0.0008
1287  0.001
1288  0.001
1289  0.0006
1290  0.0007
1291  0.0003
1292  0.0002
1293  0.0005
1294  0.0005
1295  0.0009
1296  0.0004
1297  0.0006
1298  0.0006
1299  0.0004
1300  0.0009
1301  0.0007
1302  0.0002
1303  0.0004
1304  0.0006
1305  0.001
1306  0.0004
1307  0.0007
1308  0.0005
1309  0.0005
1310  0.0005
1311  0.0002
1312  0.0009
1313  0.0006
1314  0.0005
1315  0.0004
1316  0.0003
1317  0.0004
1318  0.0002
1319  0.0011
1320  0.0004
1321  0.0007
1322  0.0003
1323  0.0006
1324  0.0004
1325  0.0003
1326  0.0009
1327  0.0014
1328  0.0005
1329  0.0008
1330  0.0006
1331  0.0003
1332  0.0005
1333  0.0004
1334  0.0004
1335  0.001
1336  0.0009
1337  0.0005
1338  0.0008
1339  0.0006
1340  0.0002
1341  0.0005
1342  0.0009
1343  0.0008
1344  0.0004
1345  0.0008
1346  0.0002
1347  0.0005
1348  0.0009
1349  0.0007
1350  0.0005
1351  0.0008
1352  0.0004
1353  0.0001
1354  0.0005
1355  0.0008
1356  0.0007
1357  0.0005
1358  0.0003
1359  0.0004
1360  0.0004
1361  0.0002
1362  0.0004
1363  0.0004
1364  0.0009
1365  0.0003
1366  0.0009
1367  0.0004
1368  0.0004
1369  0.0006
1370  0.0008
1371  0.0004
1372  0.0005
1373  0.0003
1374  0.0005
1375  0.001
1376  0.0006
1377  0.0006
1378  0.0003
1379  0.0005
1380  0.0001
1381  0.001
1382  0.0005
1383  0.0003
1384  0.0005
1385  0.0008
1386  0.0005
1387  0.0005
1388  0.0004
1389  0.0008
1390  0.0007
1391  0.0006
1392  0.0006
1393  0.0005
1394  0.0011
1395  0.0004
1396  0.0006
1397  0.0003
1398  0.0004
1399  0.0003
1400  0.0008
1401  0.0007
1402  0.0004
1403  0.0003
1404  0.0005
1405  0.0004
1406  0.0005
1407  0.0005
1408  0.0004
1409  0.0009
1410  0.0002
1411  0.0005
1412  0.0003
1413  0.0004
1414  0.0002
1415  0.0008
1416  0.0007
1417  0.0007
1418  0.0004
1419  0.0005
1420  0.0004
1421  0.0009
1422  0.0002
1423  0.0005
1424  0.001
1425  0.0006
1426  0.0004
1427  0.0009
1428  0.0008
1429  0.0006
1430  0.0002
1431  0.0007
1432  0.0003
1433  0.0002
1434  0.0002
1435  0.0003
1436  0.0004
1437  0.0007
1438  0.0004
1439  0.0007
1440  0.0009
1441  0.0006
1442  0.0007
1443  0.0009
1444  0.0004
1445  0.0007
1446  0.0002
1447  0.0003
1448  0.0003
1449  0.0008
1450  0.0011
1451  0.0005
1452  0.0004
1453  0.0004
1454  0.0002
1455  0.0007
1456  0.0004
1457  0.0003
1458  0.0004
1459  0.0006
1460  0.0008
1461  0.0003
1462  0.0006
1463  0.0004
1464  0.0005
1465  0.0004
1466  0.0004
1467  0.0005
1468  0.0005
1469  0.0007
1470  0.0005
1471  0.0005
1472  0.0006
1473  0.0003
1474  0.0004
1475  0.0009
1476  0.0005
1477  0.0004
1478  0.0002
1479  0.0007
1480  0.0008
1481  0.0003
1482  0.0003
1483  0.0006
1484  0.0003
1485  0.0011
1486  0.0008
1487  0.0004
1488  0.0004
1489  0.0003
1490  0.0005
1491  0.0004
1492  0.0003
1493  0.0005
1494  0.0003
1495  0.0004
1496  0.0003
1497  0.0005
1498  0.0007
1499  0.0003
1500  0.0005
1501  0.0006
1502  0.0007
1503  0.0004
1504  0.0006
1505  0.0006
1506  0.0007
1507  0.0004
1508  0.0003
1509  0.0005
1510  0.0006
1511  0.0008
1512  0.0005
1513  0.0005
1514  0.0003
1515  0.0002
1516  0.0003
1517  0.0001
1518  0.0002
1519  0.0008
1520  0.0002
1521  0.0005
1522  0.0002
1523  0.0007
1524  0.0008
1525  0.0007
1526  0.0005
1527  0.0003
1528  0.0005
1529  0.0007
1530  0.0003
1531  0.0002
1532  0.0004
1533  0.0008
1534  0.0004
1535  0.0001
1536  0.0006
1537  0.0008
1538  0.0006
1539  0.0004
1540  0.0002
1541  0.0004
1542  0.0007
1543  0.0004
1544  0.001
1545  0.0002
1546  0.0008
1547  0.0004
1548  0.0008
1549  0.0003
1550  0.0007
1551  0.0007
1552  0.0003
1553  0.0006
1554  0.0005
1555  0.0006
1556  0.0005
1557  0.0008
1558  0.0005
1559  0.0006
1560  0.0006
1561  0.0003
1562  0.0004
1563  0.0006
1564  0.0009
1565  0.0003
1566  0.0005
1567  0.0003
1568  0.0004
1569  0.0004
1570  0.0003
1571  0.0006
1572  0.0004
1573  0.0006
1574  0.0003
1575  0.0005
1576  0.0006
1577  0.0004
1578  0.0009
1579  0.0009
1580  0.0004
1581  0.0004
1582  0.0002
1583  0.0003
1584  0.0008
1585  0.0003
1586  0.0006
1587  0.0004
1588  0.0002
1589  0.0001
1590  0.0001
1591  0.0001
1592  0.0008
1593  0.0004
1594  0.0005
1595  0.0003
1596  0.0003
1597  0.0004
1598  0.0002
1599  0.0006
1600  0.0006
1601  0.0004
1602  0.0002
1603  0.0003
1604  0.0006
1605  0.0007
1606  0.0006
1607  0.0003
1608  0.001
1609  0.0007
1610  0.0004
1611  0.0006
1612  0.0005
1613  0.0005
1614  0.0001
1615  0.0006
1616  0.0005
1617  0.0003
1618  0.0006
1619  0.0006
1620  0.0005
1621  0.0002
1622  0.0004
1623  0.0005
1624  0.0003
1625  0.0005
1626  0.0003
1627  0.0006
1628  0.0008
1629  0.0004
1630  0.0003
1631  0.0004
1632  0.0004
1633  0.0007
1634  0.0005
1635  0.0006
1636  0.0003
1637  0.0004
1638  0.0007
1639  0.0008
1640  0.0006
1641  0.0009
1642  0.0008
1643  0.0005
1644  0.0002
1645  0.0004
1646  0.0003
1647  0.0007
1648  0.0002
1649  0.0003
1650  0.0005
1651  0.0007
1652  0.0005
1653  0.0002
1654  0.0006
1655  0.0007
1657  0.0004
1658  0.0007
1659  0.0008
1660  0.0007
1662  0.0005
1663  0.0004
1664  0.0005
1665  0.0002
1666  0.0004
1667  0.0004
1668  0.0002
1669  0.0006
1670  0.0009
1671  0.0007
1672  0.0005
1673  0.0004
1674  0.0006
1675  0.0005
1676  0.0004
1677  0.0004
1678  0.0004
1679  0.0008
1680  0.0004
1681  0.0005
1682  0.0002
1683  0.0007
1684  0.0006
1685  0.0005
1686  0.0004
1687  0.0003
1688  0.0008
1689  0.0008
1690  0.0011
1691  0.0006
1692  0.0005
1693  0.0004
1694  0.0002
1695  0.0002
1696  0.0004
1697  0.0005
1699  0.0005
1700  0.0006
1701  0.0005
1702  0.0003
1703  0.0004
1704  0.0009
1705  0.0004
1706  0.0005
1707  0.0004
1708  0.0004
1709  0.0005
1710  0.0005
1711  0.0002
1712  0.0006
1713  0.0005
1714  0.0004
1715  0.0003
1716  0.0004
1717  0.0007
1718  0.0005
1719  0.0005
1720  0.0006
1721  0.0002
1722  0.0003
1723  0.0006
1724  0.0005
1725  0.0003
1726  0.0006
1727  0.0003
1728  0.0004
1729  0.0005
1730  0.0004
1731  0.0003
1732  0.0001
1733  0.0004
1734  0.0002
1735  0.0004
1736  0.0006
1737  0.0003
1738  0.0004
1739  0.0002
1740  0.0005
1741  0.0004
1742  0.0002
1743  0.0005
1744  0.0003
1745  0.0006
1746  0.0002
1747  0.0005
1748  0.0001
1749  0.0002
1750  0.0003
1751  0.0005
1752  0.0003
1753  0.0002
1754  0.0008
1755  0.0004
1757  0.0006
1758  0.0001
1759  0.0006
1760  0.0005
1761  0.0001
1762  0.0003
1763  0.0002
1764  0.0005
1765  0.0004
1766  0.0004
1768  0.0002
1769  0.0002
1770  0.0007
1771  0.0002
1772  0.0004
1773  0.0005
1774  0.0004
1775  0.0007
1776  0.0002
1777  0.0006
1778  0.0004
1779  0.0004
1780  0.0007
1781  0.0002
1782  0.0001
1783  0.0004
1784  0.0005
1785  0.0008
1786  0.0007
1787  0.0002
1788  0.0003
1789  0.0004
1790  0.0003
1791  0.0004
1792  0.0005
1793  0.0003
1794  0.0007
1795  0.0006
1796  0.0003
1797  0.0008
1799  0.0004
1800  0.0009
1801  0.0002
1802  0.0005
1803  0.0004
1804  0.0004
1805  0.0004
1806  0.0002
1807  0.0003
1808  0.0002
1809  0.0005
1810  0.0004
1811  0.0005
1812  0.0006
1813  0.0005
1814  0.0003
1815  0.0001
1816  0.0006
1817  0.0006
1818  0.0008
1819  0.0006
1820  0.0004
1821  0.0003
1822  0.0002
1823  0.0007
1824  0.0005
1825  0.0003
1826  0.0001
1827  0.0006
1828  0.0004
1829  0.0007
1830  0.0007
1831  0.0003
1832  0.0003
1833  0.001
1834  0.0001
1835  0.0004
1836  0.0009
1837  0.0002
1838  0.0003
1839  0.0003
1840  0.0002
1841  0.0002
1842  0.0002
1843  0.0001
1844  0.0002
1845  0.0005
1846  0.0006
1847  0.0004
1848  0.0003
1849  0.0003
1850  0.0003
1851  0.0004
1852  0.0001
1853  0.0003
1854  0.0005
1855  0.0006
1856  0.0003
1857  0.001
1858  0.0002
1859  0.0004
1860  0.0004
1861  0.0006
1862  0.0006
1863  0.0003
1864  0.0007
1865  0.0003
1866  0.0005
1867  0.0007
1868  0.0002
1869  0.0003
1870  0.0003
1871  0.0003
1872  0.0003
1873  0.0006
1874  0.0002
1875  0.0003
1876  0.0003
1877  0.0006
1878  0.0005
1879  0.0004
1880  0.0003
1881  0.0003
1882  0.0006
1883  0.0005
1884  0.0003
1885  0.0007
1886  0.0005
1887  0.0004
1888  0.0005
1889  0.0004
1890  0.0007
1891  0.0005
1892  0.0005
1893  0.0007
1894  0.0004
1895  0.0004
1896  0.0002
1897  0.0002
1898  0.0002
1899  0.0002
1900  0.0006
1901  0.0006
1902  0.0001
1903  0.0001
1904  0.0004
1905  0.0003
1906  0.0003
1908  0.0009
1909  0.0004
1910  0.0003
1911  0.0005
1912  0.0005
1913  0.0009
1914  0.0005
1915  0.0001
1916  0.0003
1918  0.0003
1919  0.0004
1920  0.0006
1921  0.0003
1922  0.0003
1923  0.0003
1924  0.0001
1925  0.0003
1926  0.0002
1927  0.0004
1928  0.0006
1929  0.0002
1931  0.0005
1932  0.0002
1933  0.0005
1934  0.0006
1935  0.0004
1936  0.0002
1937  0.0004
1938  0.0002
1939  0.0005
1940  0.0002
1941  0.0006
1942  0.0003
1943  0.0002
1944  0.0006
1945  0.0002
1946  0.0003
1947  0.0005
1948  0.0002
1949  0.0004
1950  0.0006
1951  0.0003
1952  0.0004
1954  0.0004
1955  0.0004
1956  0.0005
1957  0.0007
1958  0.0003
1959  0.0006
1960  0.0004
1961  0.0001
1962  0.0005
1963  0.0001
1964  0.0004
1965  0.0008
1966  0.0004
1967  0.0004
1968  0.0003
1969  0.0004
1970  0.0002
1971  0.0003
1972  0.0003
1973  0.0002
1974  0.0003
1975  0.0003
1976  0.0006
1977  0.0001
1978  0.0002
1979  0.0006
1980  0.0002
1981  0.0004
1982  0.0007
1983  0.0002
1984  0.0004
1985  0.0001
1986  0.0004
1987  0.0003
1988  0.0004
1989  0.0002
1990  0.0007
1991  0.0004
1992  0.0001
1993  0.0003
1994  0.0005
1995  0.0003
1996  0.0003
1997  0.0005
1998  0.0003
1999  0.0005
2000  0.0003
2001  0.0007
2002  0.0003
2003  0.0002
2004  0.0004
2005  0.0002
2006  0.0004
2007  0.0009
2008  0.0003
2009  0.0003
2010  0.0004
2011  0.0005
2012  0.0001
2013  0.0002
2014  0.0002
2015  0.0002
2016  0.0003
2017  0.0002
2018  0.0002
2019  0.0005
2020  0.0003
2021  0.0002
2022  0.0003
2023  0.0006
2024  0.0006
2025  0.0005
2026  0.0008
2027  0.0007
2028  0.0003
2029  0.0004
2030  0.0002
2031  0.0002
2032  0.0007
2033  0.0007
2034  0.001
2035  0.0006
2036  0.0004
2037  0.0003
2038  0.0008
2039  0.0005
2040  0.0001
2041  0.0001
2042  0.0005
2043  0.0004
2044  0.0001
2045  0.0004
2046  0.0002
2047  0.0003
2048  0.0004
2049  0.0004
2050  0.0004
2051  0.0004
2052  0.0002
2053  0.0005
2054  0.0007
2055  0.0003
2056  0.0004
2057  0.0004
2058  0.0006
2059  0.0006
2060  0.0004
2061  0.0005
2062  0.0004
2063  0.0005
2064  0.0005
2065  0.0002
2066  0.0005
2067  0.0004
2068  0.0005
2069  0.0002
2070  0.0003
2071  0.0006
2072  0.0003
2073  0.0002
2074  0.0005
2075  0.0006
2076  0.0007
2077  0.0005
2078  0.0005
2079  0.0004
2080  0.0002
2081  0.0007
2082  0.0007
2083  0.0005
2084  0.0002
2085  0.0003
2086  0.0005
2087  0.0002
2088  0.0004
2089  0.0009
2090  0.0004
2091  0.0005
2092  0.0004
2094  0.0001
2095  0.0003
2096  0.0003
2097  0.0004
2098  0.0005
2099  0.0003
2100  0.0004
2101  0.0001
2102  0.0006
2103  0.0004
2104  0.0001
2105  0.0007
2106  0.0004
2107  0.0002
2108  0.0005
2109  0.0002
2110  0.0004
2111  0.0003
2113  0.0005
2114  0.0004
2115  0.0002
2116  0.0004
2117  0.0003
2118  0.0003
2119  0.0003
2120  0.0004
2121  0.0003
2122  0.0006
2123  0.0002
2124  0.0002
2126  0.0003
2127  0.0002
2128  0.0003
2129  0.0003
2130  0.0004
2131  0.0002
2132  0.0006
2133  0.0005
2134  0.0003
2135  0.0003
2136  0.0004
2137  0.0003
2138  0.0003
2139  0.0004
2140  0.0003
2141  0.0003
2143  0.0008
2144  0.0002
2145  0.0003
2146  0.0003
2147  0.0004
2148  0.0002
2149  0.0002
2150  0.0003
2151  0.0004
2152  0.0007
2153  0.0003
2154  0.0002
2155  0.0001
2156  0.0002
2157  0.0004
2158  0.0005
2159  0.0004
2160  0.0003
2161  0.0007
2162  0.0006
2163  0.0001
2164  0.0003
2165  0.0002
2166  0.0001
2167  0.0001
2168  0.0004
2169  0.0004
2170  0.0001
2171  0.0007
2172  0.0004
2173  0.0007
2176  0.0006
2177  0.0006
2178  0.0006
2179  0.0002
2180  0.0005
2181  0.0002
2182  0.0002
2183  0.0006
2184  0.0003
2185  0.0002
2186  0.0006
2187  0.0004
2188  0.0003
2189  0.0003
2191  0.0003
2192  0.0003
2193  0.0004
2194  0.0003
2195  0.0003
2196  0.0006
2197  0.0001
2198  0.0003
2199  0.0005
2200  0.0006
2201  0.0006
2202  0.0005
2203  0.0004
2204  0.0001
2205  0.0004
2206  0.0001
2207  0.0003
2209  0.0003
2210  0.0003
2211  0.0001
2212  0.0007
2214  0.0006
2215  0.0003
2216  0.0005
2217  0.0004
2218  0.0003
2219  0.0004
2220  0.0003
2221  0.0001
2222  0.0002
2223  0.0004
2224  0.0003
2225  0.0002
2227  0.0004
2228  0.0003
2229  0.0005
2230  0.0002
2232  0.0003
2233  0.0002
2234  0.0007
2235  0.0001
2236  0.0002
2237  0.0003
2238  0.0004
2239  0.0003
2240  0.0003
2241  0.0002
2242  0.0004
2243  0.0005
2244  0.0003
2245  0.0001
2246  0.0002
2247  0.0009
2248  0.0011
2249  0.0004
2250  0.0003
2251  0.0009
2252  0.0004
2253  0.0004
2254  0.0005
2255  0.0004
2256  0.0003
2257  0.0004
2258  0.0004
2259  0.0004
2260  0.0005
2261  0.0005
2262  0.0005
2263  0.0002
2264  0.0005
2265  0.0003
2266  0.0002
2267  0.0007
2268  0.0005
2269  0.0002
2270  0.0004
2271  0.0003
2272  0.0002
2273  0.0002
2274  0.0002
2275  0.0002
2276  0.0003
2277  0.0005
2278  0.0002
2279  0.0006
2280  0.0004
2281  0.0004
2282  0.0001
2283  0.0002
2284  0.0006
2285  0.0004
2286  0.0003
2287  0.0001
2288  0.0002
2289  0.0003
2290  0.0006
2291  0.0004
2292  0.0006
2293  0.0007
2294  0.0005
2295  0.0003
2296  0.0002
2297  0.0004
2298  0.0004
2300  0.0003
2301  0.0004
2302  0.0003
2303  0.0002
2304  0.0003
2305  0.0007
2306  0.0001
2307  0.0001
2308  0.0004
2309  0.0002
2310  0.0004
2311  0.0006
2312  0.0004
2313  0.0004
2314  0.0005
2316  0.0003
2317  0.0006
2318  0.0002
2319  0.0004
2320  0.0003
2321  0.0007
2322  0.0004
2323  0.0003
2324  0.0003
2325  0.0002
2326  0.0004
2327  0.0002
2328  0.0003
2329  0.0003
2330  0.0004
2331  0.0002
2332  0.0004
2333  0.0002
2334  0.0003
2335  0.0002
2336  0.0007
2337  0.0002
2338  0.0002
2339  0.0005
2340  0.0002
2341  0.0003
2342  0.0002
2343  0.0003
2344  0.0002
2346  0.0005
2347  0.0002
2348  0.0003
2349  0.0002
2350  0.0007
2351  0.0001
2352  0.0003
2354  0.0001
2355  0.0002
2356  0.0003
2358  0.0001
2359  0.0005
2360  0.0006
2361  0.0005
2362  0.0005
2363  0.0007
2364  0.0002
2365  0.0002
2366  0.0003
2367  0.0002
2368  0.0004
2369  0.0003
2370  0.0004
2371  0.0003
2372  0.0001
2373  0.0001
2374  0.0004
2375  0.0003
2376  0.0003
2377  0.0003
2378  0.0003
2379  0.0002
2380  0.0003
2381  0.0002
2382  0.0005
2383  0.0001
2384  0.0004
2385  0.0003
2386  0.0002
2387  0.0004
2388  0.0003
2389  0.0003
2390  0.0001
2391  0.0003
2392  0.0004
2393  0.0006
2394  0.0002
2395  0.0005
2396  0.0005
2397  0.0003
2398  0.0004
2400  0.0003
2401  0.0003
2402  0.0004
2403  0.0003
2404  0.0004
2405  0.0004
2406  0.0005
2407  0.0003
2408  0.0001
2409  0.0001
2410  0.0002
2411  0.0001
2412  0.0004
2413  0.0003
2414  0.0004
2415  0.0003
2416  0.0004
2417  0.0002
2418  0.0006
2419  0.0003
2420  0.0003
2421  0.0001
2422  0.0004
2423  0.0005
2424  0.0005
2425  0.0001
2426  0.0007
2427  0.0005
2428  0.0003
2429  0.0001
2430  0.0003
2431  0.0001
2432  0.0005
2433  0.0004
2434  0.0006
2435  0.0004
2436  0.0004
2437  0.0002
2438  0.0002
2439  0.0002
2440  0.0005
2441  0.0007
2442  0.0003
2443  0.0002
2444  0.0003
2445  0.0002
2446  0.0005
2447  0.0005
2448  0.0002
2449  0.0004
2450  0.0002
2451  0.0002
2452  0.0001
2453  0.0003
2454  0.0005
2455  0.0003
2456  0.0002
2457  0.0003
2458  0.0008
2459  0.0003
2460  0.0006
2461  0.0004
2462  0.0002
2463  0.0004
2464  0.0002
2465  0.0004
2466  0.0003
2467  0.0003
2468  0.0002
2469  0.0004
2470  0.0005
2471  0.0003
2472  0.0003
2473  0.0002
2474  0.0005
2475  0.0001
2476  0.0002
2477  0.0007
2478  0.0003
2479  0.0006
2480  0.0008
2481  0.0006
2482  0.0002
2483  0.0005
2484  0.0001
2485  0.0006
2487  0.0003
2488  0.0003
2489  0.0001
2490  0.0001
2491  0.0005
2492  0.0004
2493  0.0001
2494  0.0004
2495  0.0002
2496  0.0004
2497  0.0002
2498  0.0002
2499  0.0004
2500  0.0002
2501  0.0006
2502  0.0004
2503  0.0002
2504  0.0005
2505  0.0004
2506  0.0006
2507  0.0001
2508  0.0005
2509  0.0001
2510  0.0003
2511  0.0003
2512  0.0005
2513  0.0003
2514  0.0002
2515  0.0009
2516  0.0003
2517  0.0002
2518  0.0002
2519  0.0004
2520  0.0002
2521  0.0006
2522  0.0001
2523  0.0003
2524  0.0005
2525  0.0004
2526  0.0004
2528  0.0005
2529  0.0004
2530  0.0002
2531  0.0002
2532  0.0001
2533  0.0001
2534  0.0003
2535  0.0002
2536  0.0004
2537  0.0004
2538  0.0005
2539  0.0001
2540  0.0003
2541  0.0001
2542  0.0003
2543  0.0004
2544  0.0006
2545  0.0005
2547  0.0003
2548  0.0004
2549  0.0003
2550  0.0001
2551  0.0002
2552  0.0001
2553  0.0003
2554  0.0002
2555  0.0006
2556  0.0002
2557  0.0004
2558  0.0001
2559  0.0006
2560  0.0002
2561  0.0004
2562  0.0002
2563  0.0004
2564  0.0005
2565  0.0003
2566  0.0006
2567  0.0004
2568  0.0007
2570  0.0001
2571  0.0004
2572  0.0004
2573  0.0001
2574  0.0002
2575  0.0005
2577  0.0003
2578  0.0002
2579  0.0003
2580  0.0003
2581  0.0003
2582  0.0006
2583  0.0003
2584  0.0004
2585  0.0004
2586  0.0004
2587  0.0002
2588  0.0002
2589  0.0004
2590  0.0004
2591  0.0006
2592  0.0004
2593  0.0003
2594  0.0002
2595  0.0006
2596  0.0004
2597  0.0002
2598  0.0002
2599  0.0003
2600  0.0007
2601  0.0001
2602  0.0004
2603  0.0003
2604  0.0001
2605  0.0002
2606  0.0002
2607  0.0006
2608  0.0003
2609  0.0002
2610  0.0005
2611  0.0004
2612  0.0002
2613  0.0001
2614  0.0004
2615  0.0002
2616  0.0002
2617  0.0004
2618  0.0001
2620  0.0002
2621  0.0002
2622  0.0005
2623  0.0006
2624  0.0003
2625  0.0001
2626  0.0003
2627  0.0001
2628  0.0004
2629  0.0002
2630  0.0005
2631  0.0002
2632  0.0003
2633  0.0005
2634  0.0006
2635  0.0002
2636  0.0004
2637  0.0003
2638  0.0005
2639  0.0011
2640  0.0002
2641  0.0002
2642  0.0001
2643  0.0004
2644  0.0004
2645  0.0004
2646  0.0005
2647  0.0003
2648  0.0004
2649  0.0005
2650  0.0002
2651  0.0004
2652  0.0002
2653  0.0004
2654  0.0006
2655  0.0003
2657  0.0002
2658  0.0003
2659  0.0003
2660  0.0003
2661  0.0003
2662  0.0001
2663  0.0003
2664  0.0003
2665  0.0003
2666  0.0006
2667  0.0003
2668  0.0002
2669  0.0001
2670  0.0001
2671  0.0003
2672  0.0002
2673  0.0004
2674  0.0003
2675  0.0002
2676  0.0005
2677  0.0003
2678  0.0003
2679  0.0003
2680  0.0004
2681  0.0006
2682  0.0004
2683  0.0002
2684  0.0002
2685  0.0002
2686  0.0003
2687  0.0004
2688  0.0004
2689  0.0002
2690  0.0003
2691  0.0003
2692  0.0005
2693  0.0003
2694  0.0003
2695  0.0002
2696  0.0002
2697  0.0005
2698  0.0001
2699  0.0003
2700  0.0002
2701  0.0004
2702  0.0007
2703  0.0001
2704  0.0002
2705  0.0002
2706  0.0004
2707  0.0002
2708  0.0006
2709  0.0002
2710  0.0002
2711  0.0004
2712  0.0002
2713  0.0003
2714  0.0003
2716  0.0004
2717  0.0003
2718  0.0006
2719  0.0001
2720  0.0004
2721  0.0005
2723  0.0003
2724  0.0002
2725  0.0002
2727  0.0003
2728  0.0004
2729  0.0001
2730  0.0005
2731  0.0004
2732  0.0003
2733  0.0003
2734  0.0002
2735  0.0004
2736  0.0003
2737  0.0007
2738  0.0004
2740  0.0002
2741  0.0004
2742  0.0001
2743  0.0006
2744  0.0002
2745  0.0001
2746  0.0004
2747  0.0005
2748  0.0003
2749  0.0001
2750  0.0003
2751  0.0001
2752  0.0002
2753  0.0003
2754  0.0001
2755  0.0002
2756  0.0002
2757  0.0004
2758  0.0004
2759  0.0006
2760  0.0006
2761  0.0002
2762  0.0007
2763  0.0002
2764  0.0004
2765  0.0001
2766  0.0005
2767  0.0003
2768  0.0003
2769  0.0003
2770  0.0002
2771  0.0003
2772  0.0003
2773  0.0006
2774  0.0003
2775  0.0005
2776  0.0003
2777  0.0001
2778  0.0003
2779  0.0001
2780  0.0002
2781  0.0002
2782  0.0003
2783  0.0006
2784  0.0006
2785  0.0001
2786  0.0002
2787  0.0005
2788  0.0001
2789  0.0001
2790  0.0004
2791  0.0003
2792  0.0004
2793  0.0002
2794  0.0002
2795  0.0005
2796  0.0002
2797  0.0003
2798  0.0003
2799  0.0002
2800  0.0002
2801  0.0002
2802  0.0004
2803  0.0001
2804  0.0005
2805  0.0006
2806  0.0005
2807  0.0001
2808  0.0005
2809  0.0003
2810  0.0004
2811  0.0003
2812  0.0003
2813  0.0001
2814  0.0003
2815  0.0003
2816  0.0003
2817  0.0005
2818  0.0001
2819  0.0004
2820  0.0003
2821  0.0001
2822  0.0002
2823  0.0002
2824  0.0003
2825  0.0006
2826  0.0004
2827  0.0002
2828  0.001
2829  0.0002
2830  0.0003
2832  0.0004
2833  0.0007
2834  0.0004
2835  0.0002
2836  0.0003
2837  0.0003
2838  0.0002
2839  0.0003
2840  0.0003
2841  0.0001
2842  0.0003
2843  0.0004
2844  0.0005
2845  0.0003
2846  0.0001
2847  0.0005
2848  0.0006
2849  0.0002
2850  0.0004
2851  0.0004
2852  0.0002
2853  0.0005
2854  0.0001
2855  0.0002
2856  0.0007
2857  0.0003
2858  0.0003
2859  0.0003
2860  0.0004
2861  0.0001
2863  0.0004
2865  0.0005
2866  0.0003
2867  0.0004
2868  0.0003
2869  0.0005
2870  0.0004
2871  0.0008
2872  0.0002
2873  0.0002
2874  0.0003
2875  0.0007
2876  0.0005
2877  0.0006
2880  0.0001
2881  0.0004
2882  0.0007
2883  0.0004
2884  0.0003
2885  0.0003
2886  0.0004
2887  0.0004
2888  0.0002
2890  0.0005
2891  0.0003
2892  0.0001
2894  0.0001
2895  0.0002
2896  0.0001
2897  0.0004
2898  0.0001
2899  0.0001
2900  0.0004
2901  0.0002
2903  0.001
2904  0.0001
2905  0.0006
2906  0.0003
2907  0.0002
2908  0.0003
2909  0.0004
2910  0.0004
2911  0.0008
2912  0.0001
2913  0.0003
2914  0.0003
2915  0.0002
2916  0.0006
2917  0.0003
2918  0.0002
2919  0.0002
2920  0.0005
2921  0.0001
2922  0.0001
2923  0.0001
2924  0.0003
2925  0.0006
2926  0.0003
2927  0.0002
2929  0.0002
2930  0.0001
2931  0.0002
2932  0.0001
2933  0.0001
2934  0.0001
2936  0.0002
2938  0.0004
2939  0.0002
2940  0.0004
2942  0.0006
2943  0.0003
2944  0.0002
2945  0.0002
2946  0.0002
2948  0.0004
2949  0.0001
2951  0.0003
2952  0.0004
2953  0.0003
2954  0.0003
2955  0.0001
2956  0.0003
2957  0.0001
2958  0.0001
2959  0.0001
2960  0.0002
2961  0.0004
2962  0.0005
2963  0.0003
2964  0.0002
2965  0.0003
2966  0.0001
2967  0.0005
2968  0.0003
2969  0.0004
2970  0.0003
2971  0.0001
2972  0.0003
2973  0.0004
2974  0.0004
2975  0.0003
2976  0.0001
2977  0.0003
2978  0.0004
2979  0.0005
2980  0.0003
2981  0.0002
2982  0.0003
2983  0.0004
2984  0.0003
2985  0.0003
2986  0.0004
2987  0.0005
2988  0.0002
2989  0.0005
2990  0.0001
2991  0.0002
2993  0.0001
2996  0.0007
2997  0.0003
2998  0.0003
2999  0.0004
3000  0.0003
3001  0.0003
3002  0.0006
3004  0.0002
3005  0.0008
3006  0.0003
3007  0.0002
3008  0.0002
3009  0.0003
3010  0.0007
3011  0.0004
3012  0.0002
3013  0.0002
3014  0.0001
3016  0.0003
3017  0.0002
3018  0.0002
3019  0.0004
3020  0.0002
3021  0.0001
3022  0.0002
3023  0.0002
3024  0.0003
3025  0.0006
3026  0.0003
3027  0.0003
3028  0.0004
3029  0.0001
3030  0.0004
3031  0.0003
3032  0.0002
3034  0.0004
3035  0.0003
3036  0.0001
3037  0.0003
3038  0.0001
3039  0.0002
3040  0.0001
3041  0.0003
3042  0.0002
3043  0.0003
3044  0.0003
3045  0.0003
3046  0.0001
3047  0.0004
3048  0.0002
3049  0.0001
3050  0.0003
3051  0.0003
3052  0.0002
3053  0.0002
3054  0.0002
3055  0.0002
3056  0.0004
3057  0.0003
3058  0.0005
3059  0.0006
3060  0.0001
3061  0.0004
3062  0.0003
3063  0.0002
3064  0.0006
3065  0.0003
3066  0.0003
3067  0.0002
3068  0.0003
3069  0.0004
3070  0.0001
3071  0.0002
3072  0.0004
3073  0.0004
3075  0.0004
3076  0.0004
3077  0.0003
3078  0.0002
3079  0.0003
3080  0.0005
3081  0.0006
3082  0.0001
3083  0.0002
3084  0.0002
3085  0.0005
3086  0.0002
3087  0.0005
3088  0.0005
3089  0.0005
3090  0.0005
3091  0.0004
3092  0.0003
3093  0.0005
3095  0.0002
3096  0.0003
3097  0.0004
3099  0.0004
3100  0.0002
3101  0.0002
3102  0.0003
3103  0.0004
3104  0.0003
3105  0.0006
3106  0.0004
3107  0.0005
3108  0.0001
3109  0.0005
3110  0.0001
3111  0.0002
3112  0.0004
3113  0.0001
3114  0.0003
3115  0.0003
3116  0.0004
3117  0.0006
3118  0.0001
3119  0.0001
3120  0.0002
3121  0.0001
3122  0.0003
3123  0.0002
3124  0.0003
3125  0.0003
3126  0.0003
3127  0.0002
3128  0.0002
3129  0.0003
3130  0.0005
3131  0.0007
3132  0.0003
3133  0.0004
3134  0.0006
3135  0.0002
3136  0.0001
3137  0.0008
3138  0.0004
3139  0.0005
3140  0.0007
3141  0.0007
3142  0.0001
3143  0.0002
3144  0.0003
3145  0.0002
3146  0.0003
3147  0.0001
3148  0.0004
3149  0.0004
3150  0.0001
3152  0.0002
3153  0.0003
3154  0.0005
3155  0.0003
3156  0.0002
3157  0.0005
3158  0.0002
3159  0.0003
3160  0.0006
3161  0.0007
3162  0.0004
3163  0.0005
3164  0.0003
3165  0.0007
3166  0.0002
3167  0.0005
3168  0.0006
3169  0.0003
3170  0.0003
3171  0.0003
3172  0.0003
3173  0.0001
3174  0.0005
3175  0.0001
3176  0.0005
3177  0.0004
3178  0.0002
3179  0.0005
3180  0.0002
3182  0.0006
3183  0.0005
3184  0.0002
3185  0.0003
3186  0.0005
3187  0.0004
3188  0.0003
3189  0.0003
3190  0.0003
3191  0.0004
3192  0.0002
3193  0.0007
3194  0.0003
3195  0.0001
3196  0.0001
3197  0.0004
3198  0.0001
3199  0.0003
3200  0.0004
3201  0.0003
3202  0.0003
3203  0.0003
3204  0.0004
3205  0.0008
3206  0.0005
3207  0.0002
3208  0.0001
3209  0.0001
3210  0.0003
3211  0.0005
3212  0.0001
3213  0.0004
3215  0.0001
3216  0.0005
3217  0.0003
3218  0.0004
3219  0.0003
3220  0.0001
3221  0.0006
3222  0.0002
3223  0.0002
3224  0.0002
3225  0.0002
3226  0.0003
3227  0.0003
3228  0.0002
3229  0.0005
3230  0.0003
3231  0.0002
3232  0.0002
3233  0.0005
3234  0.0004
3235  0.0001
3236  0.0002
3237  0.0002
3238  0.0005
3239  0.0004
3241  0.0001
3242  0.0004
3243  0.0003
3244  0.0005
3245  0.0005
3247  0.0001
3248  0.0004
3249  0.0004
3250  0.0005
3251  0.0002
3252  0.0004
3253  0.0001
3254  0.0004
3255  0.0004
3256  0.0004
3257  0.0004
3258  0.0002
3259  0.0003
3260  0.0007
3261  0.0003
3262  0.0003
3263  0.0002
3264  0.0002
3265  0.0003
3266  0.0002
3267  0.0003
3268  0.0004
3269  0.0005
3270  0.0002
3271  0.0002
3272  0.0004
3273  0.0006
3274  0.0004
3275  0.0002
3276  0.0004
3277  0.0001
3278  0.0003
3279  0.0001
3280  0.0002
3281  0.0001
3282  0.0002
3283  0.0004
3284  0.0004
3285  0.0005
3286  0.0001
3287  0.0003
3288  0.0005
3289  0.0001
3290  0.0004
3291  0.0002
3293  0.0002
3294  0.0003
3295  0.0001
3296  0.0004
3297  0.0002
3298  0.0005
3299  0.0002
3300  0.0003
3301  0.0009
3302  0.0001
3303  0.0002
3304  0.0004
3305  0.0003
3306  0.0004
3307  0.0002
3308  0.0003
3309  0.0001
3310  0.0001
3311  0.0006
3312  0.0004
3313  0.0002
3314  0.0002
3315  0.0004
3316  0.0005
3317  0.0002
3318  0.0004
3319  0.0001
3320  0.0003
3321  0.0003
3322  0.0003
3323  0.0004
3324  0.0002
3325  0.0001
3326  0.0001
3327  0.0005
3328  0.0001
3329  0.0003
3330  0.0004
3331  0.0001
3332  0.0001
3333  0.0007
3334  0.0002
3335  0.0003
3336  0.0009
3337  0.0004
3338  0.0001
3339  0.0001
3340  0.0003
3341  0.0002
3342  0.0003
3343  0.0003
3344  0.0003
3346  0.0003
3347  0.0005
3348  0.0004
3349  0.0004
3350  0.0003
3351  0.0004
3352  0.0002
3353  0.0004
3355  0.0003
3356  0.0002
3357  0.0008
3358  0.0004
3359  0.0001
3360  0.0003
3361  0.0002
3362  0.0003
3363  0.0004
3364  0.0001
3365  0.0003
3366  0.0004
3367  0.0005
3368  0.0002
3369  0.0003
3370  0.0002
3371  0.0001
3372  0.0003
3373  0.0005
3374  0.0003
3375  0.0002
3376  0.0003
3377  0.0003
3379  0.0003
3380  0.0004
3381  0.0002
3382  0.0001
3383  0.0006
3384  0.0008
3385  0.0003
3386  0.0002
3387  0.0009
3388  0.0004
3389  0.0003
3390  0.0001
3391  0.0005
3392  0.0002
3393  0.0004
3394  0.0003
3395  0.0004
3396  0.0001
3397  0.0003
3398  0.0001
3400  0.0005
3401  0.0002
3402  0.0003
3403  0.0002
3404  0.0002
3405  0.0001
3406  0.0003
3407  0.0003
3409  0.0002
3410  0.0003
3411  0.0004
3412  0.0001
3413  0.0005
3414  0.0001
3415  0.0002
3416  0.0004
3417  0.0002
3418  0.0004
3419  0.0004
3420  0.0004
3421  0.0004
3422  0.0002
3424  0.0001
3425  0.0004
3426  0.0007
3427  0.0003
3428  0.0002
3429  0.0006
3430  0.0003
3431  0.0003
3432  0.0003
3433  0.0003
3434  0.0005
3435  0.0003
3436  0.0003
3438  0.0006
3439  0.0005
3440  0.0003
3441  0.0003
3442  0.0005
3443  0.0005
3444  0.0002
3445  0.0002
3446  0.0006
3447  0.0002
3448  0.0001
3449  0.0001
3450  0.0002
3451  0.0002
3452  0.0004
3454  0.0001
3455  0.0005
3456  0.0002
3457  0.0005
3458  0.0005
3459  0.0002
3460  0.0003
3461  0.0002
3462  0.0002
3463  0.0001
3464  0.0003
3465  0.0001
3467  0.0003
3468  0.0003
3471  0.0001
3472  0.0002
3473  0.0003
3474  0.0004
3475  0.0003
3476  0.0004
3477  0.0002
3478  0.0003
3479  0.0003
3480  0.0005
3481  0.0003
3482  0.0002
3483  0.0004
3484  0.0003
3485  0.0002
3486  0.0003
3487  0.0003
3488  0.0005
3489  0.0001
3490  0.0004
3491  0.0006
3492  0.0002
3493  0.0002
3494  0.0004
3495  0.0001
3496  0.0006
3497  0.0006
3498  0.0001
3499  0.0004
3500  0.0002
3501  0.0001
3502  0.0003
3503  0.0005
3504  0.0003
3505  0.0004
3506  0.0005
3507  0.0002
3508  0.0002
3509  0.0004
3511  0.0004
3512  0.0004
3513  0.0002
3514  0.0004
3515  0.0001
3516  0.0004
3518  0.0004
3519  0.0005
3520  0.0005
3521  0.0003
3522  0.0004
3523  0.0001
3524  0.0002
3525  0.0004
3526  0.0003
3527  0.0002
3528  0.0001
3529  0.0006
3530  0.0002
3531  0.0002
3532  0.0002
3533  0.0004
3534  0.0003
3535  0.0002
3536  0.0002
3537  0.0004
3538  0.0004
3539  0.0005
3540  0.0004
3542  0.0003
3543  0.0003
3544  0.0002
3545  0.0004
3546  0.0004
3548  0.0006
3549  0.0001
3550  0.0005
3551  0.0003
3554  0.0002
3555  0.0002
3556  0.0001
3557  0.0006
3558  0.0002
3559  0.0003
3560  0.0001
3561  0.0003
3562  0.0002
3563  0.0003
3564  0.0001
3565  0.0004
3566  0.0003
3567  0.0004
3568  0.0005
3569  0.0003
3570  0.0002
3571  0.0001
3572  0.0003
3573  0.0003
3574  0.0003
3575  0.0003
3576  0.0001
3577  0.0006
3579  0.0001
3580  0.0002
3581  0.0001
3582  0.0002
3583  0.0002
3584  0.0004
3585  0.0005
3586  0.0002
3587  0.0002
3588  0.0002
3589  0.0004
3590  0.0002
3591  0.0003
3592  0.0004
3593  0.0002
3594  0.0002
3595  0.0001
3596  0.0002
3597  0.0006
3598  0.0002
3599  0.0002
3600  0.0002
3601  0.0004
3602  0.0002
3603  0.0003
3604  0.0004
3605  0.0004
3606  0.0004
3607  0.0006
3608  0.0005
3609  0.0003
3610  0.0003
3611  0.0001
3612  0.0003
3613  0.0002
3614  0.0006
3615  0.0004
3616  0.0003
3617  0.0005
3618  0.0002
3619  0.0001
3620  0.0002
3621  0.0002
3622  0.0002
3623  0.0005
3624  0.0003
3625  0.0003
3626  0.0002
3627  0.0001
3628  0.0004
3629  0.0001
3630  0.0005
3631  0.0002
3632  0.0002
3634  0.0006
3635  0.0003
3636  0.0002
3637  0.0005
3638  0.0002
3639  0.0001
3640  0.0002
3641  0.0003
3642  0.0006
3643  0.0003
3644  0.0003
3645  0.0004
3646  0.0002
3647  0.0007
3648  0.0001
3649  0.0003
3650  0.0001
3651  0.0001
3652  0.0002
3653  0.0004
3654  0.0006
3655  0.0006
3656  0.0004
3657  0.0004
3658  0.0002
3659  0.0001
3660  0.0004
3661  0.0002
3662  0.0005
3663  0.0004
3664  0.0003
3665  0.0003
3666  0.0003
3667  0.0005
3668  0.0005
3669  0.0001
3670  0.0002
3671  0.0006
3672  0.0003
3673  0.0002
3674  0.0001
3675  0.0002
3676  0.0003
3677  0.0001
3679  0.0004
3680  0.0002
3681  0.0002
3682  0.0004
3683  0.0004
3684  0.0006
3685  0.0003
3686  0.0005
3687  0.0001
3688  0.0003
3689  0.0003
3690  0.0001
3691  0.0005
3692  0.0004
3693  0.0003
3694  0.0004
3695  0.0005
3696  0.0001
3697  0.0004
3698  0.0004
3699  0.0005
3700  0.0001
3701  0.0001
3702  0.0004
3703  0.0001
3704  0.0002
3705  0.0006
3706  0.0002
3707  0.0003
3708  0.0001
3709  0.0001
3710  0.0006
3711  0.0003
3712  0.0004
3713  0.0006
3714  0.0002
3715  0.0005
3716  0.0004
3718  0.0005
3719  0.0002
3720  0.0002
3721  0.0003
3722  0.0003
3723  0.0001
3724  0.0002
3725  0.0006
3726  0.0003
3727  0.0003
3728  0.0001
3729  0.0001
3730  0.0002
3731  0.0004
3732  0.0003
3733  0.0004
3735  0.0002
3736  0.0002
3737  0.0004
3738  0.0003
3739  0.0002
3740  0.0003
3741  0.0001
3742  0.0003
3743  0.0004
3744  0.0006
3745  0.0002
3746  0.0005
3747  0.0007
3750  0.0002
3751  0.0001
3752  0.0002
3753  0.0001
3754  0.0001
3755  0.0003
3756  0.0002
3757  0.0003
3758  0.0001
3759  0.0006
3760  0.0005
3761  0.0003
3762  0.0004
3763  0.0002
3764  0.0003
3765  0.0002
3766  0.0005
3767  0.0001
3768  0.0005
3769  0.0002
3770  0.0001
3771  0.0002
3772  0.0002
3773  0.0002
3774  0.0001
3775  0.0002
3776  0.0004
3777  0.0001
3778  0.0001
3779  0.0003
3780  0.0001
3781  0.0003
3782  0.0003
3783  0.0001
3784  0.0003
3786  0.0005
3787  0.0009
3790  0.0003
3791  0.0001
3792  0.0001
3793  0.0002
3794  0.0004
3795  0.0009
3796  0.0001
3797  0.0001
3798  0.0003
3799  0.0004
3801  0.0002
3802  0.0001
3803  0.0001
3804  0.0001
3805  0.0005
3806  0.0006
3807  0.0001
3808  0.0002
3809  0.0002
3810  0.0001
3811  0.0001
3812  0.0002
3813  0.0002
3814  0.0006
3815  0.0004
3816  0.0003
3817  0.0002
3818  0.0002
3819  0.0005
3820  0.0004
3821  0.0003
3822  0.0003
3824  0.0002
3825  0.0003
3826  0.0006
3827  0.0001
3828  0.0003
3829  0.0003
3830  0.0003
3832  0.0001
3833  0.0006
3834  0.0003
3835  0.0002
3836  0.0001
3837  0.0002
3838  0.0002
3839  0.0005
3840  0.0006
3841  0.0005
3842  0.0002
3843  0.0003
3844  0.0004
3845  0.0002
3846  0.0001
3847  0.0003
3848  0.0002
3849  0.0004
3850  0.0001
3851  0.0008
3852  0.0003
3855  0.0002
3857  0.0005
3858  0.0003
3859  0.0003
3860  0.0003
3861  0.0002
3862  0.0002
3863  0.0002
3864  0.0003
3865  0.0008
3866  0.0001
3867  0.0002
3868  0.0002
3869  0.0007
3870  0.0002
3871  0.0002
3872  0.0004
3873  0.0004
3874  0.0002
3875  0.0001
3876  0.0001
3877  0.0002
3878  0.0005
3879  0.0002
3881  0.0003
3882  0.0001
3883  0.0005
3884  0.0004
3886  0.0003
3887  0.0004
3888  0.0003
3889  0.0002
3890  0.0002
3891  0.0001
3892  0.0003
3893  0.0003
3894  0.0003
3895  0.0004
3896  0.0003
3897  0.0006
3898  0.0005
3899  0.0005
3900  0.0002
3901  0.0002
3902  0.0002
3903  0.0001
3904  0.0003
3905  0.0001
3906  0.0004
3907  0.0003
3908  0.0002
3909  0.0002
3910  0.001
3911  0.0002
3912  0.0002
3913  0.0001
3914  0.0001
3916  0.0003
3917  0.0006
3918  0.0002
3919  0.0002
3920  0.0003
3921  0.0004
3922  0.0002
3923  0.0004
3924  0.0003
3925  0.0005
3926  0.0004
3927  0.0003
3928  0.0001
3929  0.0003
3930  0.0002
3931  0.0001
3932  0.0005
3933  0.0004
3934  0.0002
3935  0.0002
3936  0.0002
3937  0.0002
3938  0.0001
3939  0.0001
3940  0.0001
3941  0.0001
3942  0.0003
3944  0.0004
3945  0.0002
3946  0.0001
3947  0.0001
3948  0.0003
3949  0.0003
3950  0.0001
3951  0.0003
3952  0.0001
3953  0.0001
3954  0.0002
3955  0.0003
3956  0.0001
3957  0.0002
3958  0.0005
3959  0.0003
3960  0.0002
3961  0.0002
3962  0.0003
3963  0.0004
3964  0.0005
3965  0.0002
3966  0.0003
3967  0.0002
3968  0.0002
3969  0.0001
3970  0.0003
3971  0.0003
3972  0.0003
3973  0.0004
3974  0.0001
3975  0.0001
3976  0.0003
3978  0.0002
3980  0.0003
3981  0.0002
3982  0.0003
3983  0.0002
3984  0.0001
3985  0.0005
3986  0.0003
3987  0.0002
3988  0.0003
3989  0.0003
3990  0.0001
3991  0.0001
3992  0.0003
3994  0.0005
3995  0.0003
3997  0.0003
3999  0.0005
4000  0.0001
4002  0.0001
4003  0.0005
4004  0.0003
4005  0.0002
4006  0.0002
4007  0.0003
4008  0.0002
4009  0.0002
4010  0.0002
4011  0.0003
4012  0.0002
4013  0.0002
4014  0.0003
4016  0.0003
4017  0.0002
4018  0.0002
4019  0.0001
4020  0.0003
4021  0.0002
4022  0.0003
4023  0.0002
4024  0.0002
4025  0.0006
4026  0.0004
4027  0.0003
4028  0.0001
4029  0.0001
4030  0.0001
4031  0.0001
4032  0.0002
4033  0.0005
4034  0.0002
4035  0.0004
4036  0.0003
4037  0.0003
4038  0.0003
4039  0.0002
4040  0.0003
4041  0.0003
4042  0.0002
4043  0.0004
4044  0.0004
4045  0.0003
4046  0.0002
4047  0.0002
4048  0.0005
4049  0.0003
4050  0.0002
4051  0.0001
4052  0.0003
4053  0.0002
4055  0.0003
4057  0.0001
4059  0.0001
4060  0.0003
4061  0.0002
4062  0.0003
4063  0.0003
4064  0.0001
4065  0.0003
4066  0.0003
4067  0.0004
4068  0.0002
4069  0.0002
4071  0.0002
4072  0.0003
4073  0.0005
4074  0.0003
4075  0.0002
4076  0.0004
4077  0.0002
4079  0.0001
4080  0.0005
4082  0.0002
4084  0.0001
4085  0.0001
4087  0.0003
4088  0.0001
4089  0.0001
4090  0.0002
4091  0.0001
4092  0.0003
4093  0.0001
4094  0.0001
4095  0.0001
4096  0.0001
4097  0.0002
4099  0.0004
4102  0.0002
4103  0.0004
4105  0.0003
4106  0.0001
4107  0.0004
4108  0.0003
4109  0.0002
4110  0.0003
4111  0.0001
4112  0.0003
4113  0.0002
4114  0.0004
4115  0.0001
4116  0.0002
4117  0.0002
4118  0.0003
4119  0.0002
4120  0.0003
4121  0.0002
4122  0.0005
4124  0.0002
4125  0.0002
4129  0.0001
4130  0.0004
4131  0.0004
4133  0.0001
4134  0.0004
4135  0.0005
4136  0.0004
4137  0.0003
4138  0.0002
4139  0.0001
4140  0.0001
4141  0.0001
4142  0.0003
4143  0.0002
4144  0.0003
4145  0.0003
4146  0.0001
4147  0.0002
4148  0.0001
4149  0.0004
4150  0.0001
4152  0.0001
4153  0.0001
4154  0.0002
4155  0.0002
4156  0.0001
4157  0.0003
4158  0.0003
4159  0.0002
4160  0.0003
4161  0.0002
4164  0.0004
4165  0.0003
4166  0.0003
4167  0.0001
4169  0.0001
4170  0.0001
4171  0.0003
4172  0.0002
4173  0.0001
4174  0.0002
4176  0.0003
4178  0.0004
4179  0.0002
4180  0.0003
4181  0.0002
4182  0.0002
4183  0.0003
4184  0.0001
4185  0.0001
4186  0.0003
4187  0.0001
4188  0.0002
4189  0.0001
4190  0.0002
4191  0.0005
4192  0.0001
4193  0.0003
4194  0.0003
4195  0.0002
4196  0.0004
4197  0.0001
4198  0.0002
4199  0.0001
4200  0.0004
4201  0.0002
4202  0.0001
4203  0.0001
4205  0.0001
4206  0.0005
4207  0.0004
4208  0.0002
4211  0.0001
4212  0.0002
4213  0.0003
4214  0.0003
4215  0.0003
4217  0.0001
4218  0.0001
4219  0.0002
4221  0.0001
4222  0.0002
4223  0.0001
4224  0.0002
4225  0.0001
4226  0.0001
4227  0.0004
4228  0.0001
4230  0.0003
4231  0.0003
4234  0.0004
4236  0.0002
4237  0.0003
4239  0.0001
4241  0.0003
4242  0.0001
4243  0.0002
4246  0.0002
4247  0.0002
4248  0.0002
4250  0.0003
4252  0.0002
4254  0.0002
4255  0.0001
4259  0.0004
4260  0.0004
4261  0.0001
4262  0.0001
4263  0.0001
4264  0.0004
4265  0.0001
4266  0.0001
4267  0.0001
4268  0.0001
4269  0.0003
4270  0.0002
4271  0.0003
4272  0.0002
4273  0.0001
4275  0.0002
4276  0.0001
4277  0.0001
4279  0.0001
4280  0.0002
4282  0.0001
4283  0.0001
4284  0.0001
4285  0.0002
4287  0.0001
4288  0.0002
4290  0.0001
4291  0.0002
4292  0.0001
4293  0.0003
4295  0.0003
4299  0.0003
4300  0.0001
4301  0.0002
4302  0.0003
4303  0.0001
4304  0.0005
4305  0.0002
4306  0.0001
4307  0.0001
4308  0.0005
4309  0.0001
4310  0.0001
4312  0.0001
4313  0.0001
4314  0.0001
4315  0.0002
4317  0.0001
4318  0.0004
4319  0.0002
4320  0.0004
4321  0.0001
4322  0.0002
4323  0.0002
4324  0.0003
4326  0.0003
4327  0.0001
4328  0.0002
4329  0.0002
4332  0.0002
4334  0.0002
4335  0.0003
4336  0.0003
4337  0.0002
4338  0.0004
4339  0.0001
4340  0.0004
4341  0.0001
4344  0.0001
4346  0.0003
4347  0.0004
4348  0.0002
4349  0.0001
4350  0.0002
4352  0.0003
4353  0.0001
4354  0.0001
4355  0.0001
4357  0.0003
4358  0.0001
4359  0.0003
4360  0.0001
4361  0.0002
4363  0.0001
4364  0.0003
4366  0.0001
4367  0.0001
4368  0.0001
4370  0.0002
4371  0.0003
4373  0.0002
4374  0.0004
4376  0.0002
4377  0.0002
4379  0.0002
4380  0.0001
4381  0.0004
4382  0.0002
4383  0.0001
4384  0.0001
4385  0.0001
4386  0.0002
4387  0.0001
4388  0.0003
4389  0.0002
4390  0.0002
4392  0.0001
4393  0.0002
4394  0.0004
4395  0.0002
4396  0.0003
4397  0.0005
4398  0.0001
4399  0.0001
4401  0.0001
4403  0.0001
4405  0.0003
4406  0.0001
4407  0.0001
4408  0.0001
4409  0.0003
4410  0.0001
4411  0.0005
4412  0.0004
4413  0.0002
4414  0.0002
4416  0.0002
4418  0.0001
4420  0.0004
4422  0.0001
4424  0.0002
4425  0.0002
4426  0.0002
4428  0.0002
4429  0.0001
4431  0.0002
4432  0.0001
4433  0.0001
4434  0.0001
4435  0.0004
4436  0.0002
4438  0.0001
4440  0.0001
4441  0.0001
4442  0.0001
4444  0.0002
4445  0.0001
4448  0.0001
4451  0.0003
4452  0.0002
4453  0.0001
4456  0.0001
4457  0.0001
4458  0.0001
4459  0.0003
4461  0.0001
4462  0.0001
4463  0.0001
4464  0.0001
4466  0.0003
4468  0.0002
4469  0.0001
4470  0.0002
4472  0.0002
4473  0.0003
4474  0.0001
4475  0.0001
4479  0.0002
4480  0.0002
4481  0.0001
4482  0.0002
4483  0.0002
4485  0.0001
4486  0.0001
4487  0.0001
4488  0.0001
4489  0.0001
4492  0.0001
4493  0.0003
4494  0.0001
4495  0.0001
4496  0.0002
4498  0.0002
4501  0.0001
4503  0.0001
4504  0.0002
4506  0.0001
4507  0.0001
4509  0.0001
4510  0.0002
4511  0.0003
4512  0.0003
4515  0.0002
4516  0.0001
4518  0.0002
4521  0.0002
4522  0.0002
4523  0.0002
4526  0.0001
4527  0.0001
4528  0.0001
4529  0.0002
4530  0.0001
4531  0.0004
4532  0.0002
4533  0.0001
4534  0.0001
4535  0.0003
4537  0.0002
4539  0.0001
4541  0.0002
4542  0.0001
4543  0.0001
4544  0.0003
4549  0.0002
4550  0.0002
4552  0.0002
4553  0.0002
4555  0.0001
4559  0.0002
4560  0.0001
4561  0.0001
4563  0.0003
4564  0.0002
4565  0.0001
4566  0.0003
4567  0.0001
4568  0.0001
4569  0.0001
4571  0.0003
4572  0.0001
4573  0.0001
4574  0.0001
4575  0.0002
4576  0.0001
4577  0.0001
4580  0.0001
4583  0.0001
4585  0.0001
4590  0.0002
4593  0.0002
4594  0.0001
4595  0.0001
4596  0.0001
4598  0.0001
4599  0.0001
4600  0.0001
4601  0.0001
4602  0.0001
4603  0.0002
4604  0.0001
4605  0.0001
4606  0.0001
4611  0.0001
4612  0.0002
4613  0.0001
4616  0.0001
4617  0.0001
4618  0.0001
4619  0.0003
4620  0.0001
4621  0.0001
4622  0.0001
4623  0.0001
4625  0.0001
4628  0.0001
4630  0.0001
4631  0.0001
4632  0.0001
4633  0.0001
4635  0.0001
4637  0.0001
4638  0.0001
4640  0.0001
4641  0.0001
4642  0.0003
4643  0.0001
4644  0.0001
4647  0.0001
4649  0.0001
4650  0.0001
4656  0.0001
4660  0.0001
4662  0.0001
4665  0.0001
4669  0.0001
4670  0.0002
4675  0.0001
4676  0.0001
4678  0.0001
4679  0.0002
4681  0.0001
4682  0.0004
4686  0.0001
4687  0.0001
4688  0.0001
4689  0.0001
4692  0.0001
4694  0.0001
4699  0.0001
4700  0.0001
4702  0.0001
4704  0.0003
4709  0.0001
4710  0.0001
4711  0.0002
4713  0.0001
4714  0.0001
4715  0.0001
4716  0.0002
4717  0.0001
4718  0.0001
4719  0.0001
4720  0.0004
4725  0.0001
4727  0.0002
4728  0.0002
4729  0.0001
4732  0.0001
4733  0.0001
4734  0.0002
4738  0.0001
4739  0.0002
4743  0.0001
4747  0.0001
4749  0.0003
4753  0.0001
4754  0.0001
4755  0.0001
4757  0.0002
4760  0.0001
4769  0.0001
4770  0.0001
4772  0.0001
4775  0.0001
4777  0.0001
4780  0.0001
4782  0.0001
4783  0.0001
4789  0.0001
4793  0.0003
4794  0.0001
4802  0.0001
4804  0.0001
4811  0.0001
4812  0.0001
4814  0.0001
4815  0.0001
4816  0.0001
4819  0.0001
4823  0.0001
4831  0.0002
4838  0.0001
4839  0.0001
4840  0.0001
4844  0.0001
4848  0.0001
4855  0.0001
4856  0.0001
4859  0.0001
4866  0.0001
4876  0.0001
4879  0.0001
4907  0.0001
4909  0.0001
4913  0.0001
4914  0.0001
4919  0.0001
4920  0.0002
4921  0.0001
4924  0.0001
4934  0.0001
4935  0.0001
4943  0.0001
4953  0.0001
4960  0.0001
4961  0.0002
4974  0.0001
4975  0.0001
4976  0.0001
4977  0.0002
4980  0.0001
4981  0.0001
4984  0.0001
4998  0.0001
5012  0.0001
5018  0.0001
5027  0.0001
5029  0.0001
5037  0.0001
5038  0.0001
5040  0.0001
5051  0.0001
5083  0.0001
5093  0.0001
5221  0.0001
5236  0.0001
