1  45.5989
2  10.0059
3  5.9581
4  3.9508
5  2.7322
6  2.0233
7  1.5327
8  1.259
9  1.0283
10  0.8622
11  0.7418
12  0.6299
13  0.5471
14  0.4734
15  0.4247
16  0.3836
17  0.3514
18  0.3023
19  0.2926
20  0.2658
21  0.2345
22  0.2169
23  0.2048
24  0.1942
25  0.1759
26  0.1736
27  0.1578
28  0.1511
29  0.1376
30  0.1362
31  0.1283
32  0.1143
33  0.1073
34  0.1
35  0.1034
36  0.0942
37  0.0899
38  0.0848
39  0.0825
40  0.0859
41  0.0747
42  0.0759
43  0.0686
44  0.0626
45  0.0585
46  0.0669
47  0.0588
48  0.0601
49  0.0599
50  0.0543
51  0.0567
52  0.0486
53  0.0503
54  0.047
55  0.0501
56  0.0431
57  0.0446
58  0.0405
59  0.0433
60  0.0382
61  0.0407
62  0.0344
63  0.0358
64  0.0387
65  0.0342
66  0.0367
67  0.0313
68  0.0307
69  0.0329
70  0.0307
71  0.0298
72  0.0322
73  0.0277
74  0.0269
75  0.0242
76  0.0268
77  0.0265
78  0.0246
79  0.0249
80  0.0226
81  0.0233
82  0.0217
83  0.0221
84  0.0197
85  0.0222
86  0.0225
87  0.0222
88  0.0195
89  0.0189
90  0.0174
91  0.0202
92  0.0193
93  0.0198
94  0.0167
95  0.0174
96  0.0191
97  0.0181
98  0.0173
99  0.0185
100  0.0173
101  0.0145
102  0.0154
103  0.0179
104  0.0149
105  0.0145
106  0.0176
107  0.0119
108  0.014
109  0.0172
110  0.0155
111  0.0139
112  0.0151
113  0.0134
114  0.0139
115  0.0125
116  0.0152
117  0.0134
118  0.012
119  0.0113
120  0.0123
121  0.0135
122  0.0127
123  0.0124
124  0.0126
125  0.0107
126  0.0098
127  0.0127
128  0.01
129  0.0117
130  0.011
131  0.0107
132  0.0101
133  0.0105
134  0.0098
135  0.0115
136  0.01
137  0.0102
138  0.0088
139  0.0101
140  0.0101
141  0.0114
142  0.01
143  0.009
144  0.01
145  0.009
146  0.01
147  0.0081
148  0.0095
149  0.0085
150  0.0096
151  0.0092
152  0.0075
153  0.0078
154  0.0101
155  0.0072
156  0.0094
157  0.0073
158  0.0081
159  0.008
160  0.0082
161  0.0073
162  0.0087
163  0.0062
164  0.0073
165  0.0078
166  0.0062
167  0.0082
168  0.0068
169  0.0074
170  0.0065
171  0.0083
172  0.0068
173  0.0085
174  0.0068
175  0.0066
176  0.0056
177  0.0066
178  0.0072
179  0.0088
180  0.0055
181  0.0063
182  0.006
183  0.0067
184  0.0065
185  0.0057
186  0.0047
187  0.005
188  0.007
189  0.0055
190  0.0053
191  0.0057
192  0.0059
193  0.0052
194  0.0065
195  0.0052
196  0.0055
197  0.0049
198  0.0053
199  0.0059
200  0.0046
201  0.0042
202  0.0058
203  0.0055
204  0.0056
205  0.0055
206  0.0052
207  0.0051
208  0.0041
209  0.0061
210  0.0052
211  0.004
212  0.0048
213  0.0043
214  0.0052
215  0.0044
216  0.0039
217  0.0041
218  0.0039
219  0.004
220  0.0043
221  0.005
222  0.0038
223  0.0051
224  0.0043
225  0.0047
226  0.003
227  0.0039
228  0.0044
229  0.0042
230  0.0044
231  0.0039
232  0.0046
233  0.0034
234  0.0037
235  0.003
236  0.0051
237  0.005
238  0.0033
239  0.0042
240  0.0041
241  0.0034
242  0.0034
243  0.0036
244  0.0035
245  0.003
246  0.0043
247  0.0038
248  0.0044
249  0.0032
250  0.0055
251  0.004
252  0.0035
253  0.0032
254  0.0043
255  0.0036
256  0.0027
257  0.0031
258  0.0036
259  0.003
260  0.003
261  0.0041
262  0.0031
263  0.0035
264  0.0038
265  0.0034
266  0.0033
267  0.003
268  0.0038
269  0.0024
270  0.0025
271  0.0036
272  0.0027
273  0.0037
274  0.0042
275  0.0037
276  0.0035
277  0.0028
278  0.003
279  0.0027
280  0.0034
281  0.0022
282  0.0034
283  0.0025
284  0.0045
285  0.0022
286  0.0038
287  0.0038
288  0.0028
289  0.0031
290  0.0025
291  0.0033
292  0.0022
293  0.0026
294  0.0036
295  0.0037
296  0.0022
297  0.0028
298  0.0023
299  0.0038
300  0.0029
301  0.0035
302  0.0014
303  0.0022
304  0.0035
305  0.002
306  0.0026
307  0.0029
308  0.0023
309  0.0016
310  0.002
311  0.0034
312  0.0035
313  0.0015
314  0.0031
315  0.0024
316  0.0024
317  0.0026
318  0.0021
319  0.0021
320  0.0023
321  0.0025
322  0.0027
323  0.0023
324  0.0023
325  0.0019
326  0.0015
327  0.0022
328  0.0027
329  0.0014
330  0.002
331  0.0023
332  0.003
333  0.0026
334  0.0021
335  0.0025
336  0.0029
337  0.0026
338  0.0022
339  0.002
340  0.0018
341  0.0014
342  0.0029
343  0.0017
344  0.0018
345  0.0029
346  0.0031
347  0.0025
348  0.0014
349  0.0026
350  0.0019
351  0.0038
352  0.0022
353  0.0028
354  0.0019
355  0.0027
356  0.0017
357  0.0024
358  0.0017
359  0.0023
360  0.0025
361  0.0015
362  0.003
363  0.0018
364  0.0024
365  0.0023
366  0.0018
367  0.002
368  0.0017
369  0.0025
370  0.0014
371  0.0019
372  0.0021
373  0.0025
374  0.0021
375  0.0015
376  0.0023
377  0.0014
378  0.0012
379  0.0021
380  0.0012
381  0.002
382  0.003
383  0.0022
384  0.0022
385  0.0018
386  0.0012
387  0.0016
388  0.0018
389  0.0017
390  0.0017
391  0.0017
392  0.0031
393  0.0027
394  0.0029
395  0.0021
396  0.0014
397  0.0013
398  0.0022
399  0.0018
400  0.0014
401  0.0018
402  0.0015
403  0.002
404  0.0022
405  0.0019
406  0.0016
407  0.0012
408  0.0022
409  0.0024
410  0.0025
411  0.0014
412  0.0013
413  0.0012
414  0.0016
415  0.003
416  0.0016
417  0.0017
418  0.0031
419  0.0019
420  0.0019
421  0.0014
422  0.0014
423  0.0012
424  0.0012
425  0.0015
426  0.0018
427  0.0018
428  0.0028
429  0.0018
430  0.0013
431  0.0014
432  0.0011
433  0.0016
434  0.0015
435  0.0015
436  0.0021
437  0.0017
438  0.0012
439  0.0019
440  0.0019
441  0.0018
442  0.0023
443  0.0021
444  0.0024
445  0.0017
446  0.0011
447  0.0015
448  0.0013
449  0.0011
450  0.0013
451  0.0016
452  0.0012
453  0.0012
454  0.0016
455  0.0018
456  0.0018
457  0.0006
458  0.0022
459  0.0016
460  0.0015
461  0.0017
462  0.0015
463  0.0014
464  0.0008
465  0.0015
466  0.0017
467  0.0014
468  0.0017
469  0.0009
470  0.0012
471  0.0018
472  0.0017
473  0.0013
474  0.0008
475  0.0013
476  0.0013
477  0.0012
478  0.0018
479  0.0016
480  0.0012
481  0.002
482  0.0015
483  0.0026
484  0.001
485  0.0009
486  0.002
487  0.0018
488  0.0016
489  0.0006
490  0.0013
491  0.0015
492  0.0012
493  0.0013
494  0.0013
495  0.0022
496  0.0017
497  0.0017
498  0.0018
499  0.0012
500  0.0019
501  0.0014
502  0.0008
503  0.0018
504  0.0023
505  0.002
506  0.0019
507  0.0013
508  0.0017
509  0.0018
510  0.002
511  0.0021
512  0.0011
513  0.0017
514  0.0018
515  0.0016
516  0.0013
517  0.001
518  0.0017
519  0.0016
520  0.0008
521  0.0014
522  0.0017
523  0.002
524  0.0012
525  0.0017
526  0.0005
527  0.0017
528  0.0013
529  0.0015
530  0.0014
531  0.0012
532  0.0007
533  0.0014
534  0.0013
535  0.0012
536  0.0013
537  0.0016
538  0.0016
539  0.0014
540  0.0016
541  0.0013
542  0.0018
543  0.0007
544  0.0011
545  0.0015
546  0.0014
547  0.001
548  0.0008
549  0.0014
550  0.0013
551  0.0014
552  0.0012
553  0.0017
554  0.0011
555  0.0013
556  0.0021
557  0.0012
558  0.0013
559  0.0015
560  0.0014
561  0.0015
562  0.0021
563  0.0012
564  0.0012
565  0.0015
566  0.0011
567  0.0015
568  0.0011
569  0.0014
570  0.0013
571  0.0013
572  0.0011
573  0.0012
574  0.0007
575  0.0007
576  0.0011
577  0.0008
578  0.0013
579  0.0011
580  0.0018
581  0.0013
582  0.0009
583  0.0007
584  0.0016
585  0.0021
586  0.0008
587  0.001
588  0.0009
589  0.0015
590  0.001
591  0.0015
592  0.0018
593  0.0017
594  0.0011
595  0.0011
596  0.0009
597  0.0015
598  0.002
599  0.0012
600  0.0019
601  0.0013
602  0.0015
603  0.0015
604  0.0015
605  0.0015
606  0.0014
607  0.0013
608  0.0015
609  0.0016
610  0.0009
611  0.0012
612  0.0013
613  0.0013
614  0.0012
615  0.001
616  0.0015
617  0.0018
618  0.0011
619  0.0008
620  0.0013
621  0.0011
622  0.0017
623  0.0013
624  0.0015
625  0.0009
626  0.0012
627  0.0014
628  0.0014
629  0.0018
630  0.0012
631  0.001
632  0.0009
633  0.0016
634  0.0012
635  0.0011
636  0.0011
637  0.0011
638  0.0011
639  0.0008
640  0.0011
641  0.002
642  0.0006
643  0.0015
644  0.0014
645  0.0009
646  0.0009
647  0.0011
648  0.0008
649  0.0018
650  0.0016
651  0.0016
652  0.0019
653  0.0012
654  0.002
655  0.0015
656  0.0013
657  0.0012
658  0.0012
659  0.001
660  0.0015
661  0.0015
662  0.0008
663  0.0006
664  0.0017
665  0.0016
666  0.0016
667  0.001
668  0.0017
669  0.0012
670  0.0014
671  0.0007
672  0.0016
673  0.0013
674  0.0018
675  0.0009
676  0.0007
677  0.001
678  0.0017
679  0.0013
680  0.0013
681  0.0009
682  0.0013
683  0.0009
684  0.0011
685  0.0008
686  0.0015
687  0.0012
688  0.0008
689  0.0014
690  0.0011
691  0.0011
692  0.0008
693  0.0007
694  0.0011
695  0.0008
696  0.0017
697  0.0014
698  0.0007
699  0.001
700  0.0011
701  0.001
702  0.0017
703  0.0004
704  0.0016
705  0.0012
706  0.0012
707  0.0012
708  0.0006
709  0.0009
710  0.001
711  0.0009
712  0.001
713  0.0009
714  0.0016
715  0.0008
716  0.0015
717  0.0015
718  0.001
719  0.0011
720  0.0013
721  0.0011
722  0.0006
723  0.0012
724  0.001
725  0.0015
726  0.0011
727  0.0012
728  0.0014
729  0.0017
730  0.0016
731  0.0012
732  0.0018
733  0.0008
734  0.0018
735  0.0017
736  0.001
737  0.0014
738  0.0006
739  0.0011
740  0.0009
741  0.0016
742  0.0014
743  0.0007
744  0.0008
745  0.0008
746  0.0017
747  0.0013
748  0.001
749  0.0019
750  0.0005
751  0.0014
752  0.0016
753  0.0015
754  0.0009
755  0.0015
756  0.0013
757  0.0008
758  0.0008
759  0.0013
760  0.0011
761  0.001
762  0.0013
763  0.0015
764  0.0003
765  0.0011
766  0.0011
767  0.0011
768  0.001
769  0.0012
770  0.001
771  0.0008
772  0.001
773  0.0009
774  0.0012
775  0.0011
776  0.001
777  0.0008
778  0.0008
779  0.0011
780  0.0008
781  0.0008
782  0.0016
783  0.0007
784  0.0013
785  0.0014
786  0.0016
787  0.0008
788  0.0016
789  0.0008
790  0.0015
791  0.0012
792  0.0005
793  0.0009
794  0.0016
795  0.0012
796  0.0013
797  0.0011
798  0.0008
799  0.0013
800  0.0007
801  0.0012
802  0.001
803  0.0011
804  0.0013
805  0.0013
806  0.0009
807  0.001
808  0.0015
809  0.0013
810  0.001
811  0.0012
812  0.0013
813  0.001
814  0.0015
815  0.0009
816  0.0007
817  0.0007
818  0.0017
819  0.0012
820  0.0011
821  0.0006
822  0.0012
823  0.0012
824  0.0009
825  0.0011
826  0.0013
827  0.0007
828  0.0016
829  0.0012
830  0.0012
831  0.0009
832  0.0012
833  0.0015
834  0.0012
835  0.001
836  0.0016
837  0.0008
838  0.0015
839  0.0009
840  0.0014
841  0.001
842  0.0003
843  0.0018
844  0.0008
845  0.0018
846  0.0018
847  0.0011
848  0.0018
849  0.0007
850  0.0013
851  0.0017
852  0.0009
853  0.0008
854  0.0015
855  0.0006
856  0.0012
857  0.0014
858  0.0005
859  0.0017
860  0.0015
861  0.0008
862  0.0008
863  0.0011
864  0.0016
865  0.0014
866  0.0009
867  0.0009
868  0.001
869  0.0012
870  0.0009
871  0.0019
872  0.0009
873  0.0013
874  0.0011
875  0.0011
876  0.0012
877  0.0011
878  0.0016
879  0.0006
880  0.0014
881  0.0013
882  0.0012
883  0.0012
884  0.001
885  0.0009
886  0.0011
887  0.0011
888  0.0018
889  0.0012
890  0.0009
891  0.0008
892  0.0012
893  0.0007
894  0.001
895  0.0015
896  0.0013
897  0.001
898  0.0012
899  0.0007
900  0.0012
901  0.0013
902  0.0013
903  0.0011
904  0.0009
905  0.0005
906  0.0013
907  0.0006
908  0.001
909  0.0007
910  0.0007
911  0.0011
912  0.0007
913  0.0005
914  0.0012
915  0.0008
916  0.0009
917  0.0006
918  0.0012
919  0.0015
920  0.0012
921  0.0015
922  0.0014
923  0.0008
924  0.0003
925  0.0013
926  0.0013
927  0.0008
928  0.0009
929  0.001
930  0.0013
931  0.0008
932  0.0012
933  0.0012
934  0.0008
935  0.0009
936  0.0012
937  0.001
938  0.0007
939  0.001
940  0.0006
941  0.0012
942  0.0012
943  0.0011
944  0.0009
945  0.0011
946  0.0015
947  0.0013
948  0.0008
949  0.0008
950  0.0008
951  0.0015
952  0.0015
953  0.0013
954  0.001
955  0.0007
956  0.0013
957  0.0012
958  0.0009
959  0.0015
960  0.0013
961  0.0009
962  0.0011
963  0.0008
964  0.001
965  0.001
966  0.0008
967  0.0012
968  0.0014
969  0.0014
970  0.0012
971  0.0014
972  0.0017
973  0.0008
974  0.0014
975  0.0005
976  0.0016
977  0.001
978  0.0011
979  0.001
980  0.0005
981  0.0008
982  0.0007
983  0.0014
984  0.001
985  0.0009
986  0.0012
987  0.0015
988  0.0007
989  0.0017
990  0.0011
991  0.0009
992  0.0006
993  0.0007
994  0.0004
995  0.0011
996  0.001
997  0.0011
998  0.001
999  0.0011
1000  0.0009
1001  0.0012
1002  0.0014
1003  0.0008
1004  0.0013
1005  0.0007
1006  0.002
1007  0.0008
1008  0.0006
1009  0.001
1010  0.0011
1011  0.0008
1012  0.001
1013  0.0004
1014  0.0012
1015  0.001
1016  0.001
1017  0.001
1018  0.0006
1019  0.0012
1020  0.0002
1021  0.0008
1022  0.0007
1023  0.001
1024  0.0012
1025  0.0012
1026  0.0012
1027  0.0008
1028  0.001
1029  0.0008
1030  0.0011
1031  0.0005
1032  0.0005
1033  0.0006
1034  0.0008
1035  0.0012
1036  0.0011
1037  0.0013
1038  0.001
1039  0.001
1040  0.0008
1041  0.0012
1042  0.0009
1043  0.0009
1044  0.0005
1045  0.0008
1046  0.0002
1047  0.0007
1048  0.0006
1049  0.0013
1050  0.0011
1051  0.0012
1052  0.0011
1053  0.0009
1054  0.001
1055  0.0013
1056  0.0012
1057  0.0014
1058  0.0002
1059  0.0013
1060  0.0006
1061  0.0004
1062  0.0012
1063  0.0008
1064  0.0007
1065  0.0009
1066  0.0013
1067  0.0005
1068  0.0005
1069  0.001
1070  0.001
1071  0.0008
1072  0.0005
1073  0.001
1074  0.001
1075  0.0013
1076  0.0012
1077  0.001
1078  0.0003
1079  0.0011
1080  0.0009
1081  0.0008
1082  0.0004
1083  0.0009
1084  0.001
1085  0.0007
1086  0.0012
1087  0.0006
1088  0.0007
1089  0.0008
1090  0.0013
1091  0.0008
1092  0.0006
1093  0.0007
1094  0.0012
1095  0.0008
1096  0.0013
1097  0.0007
1098  0.0007
1099  0.0008
1100  0.0009
1101  0.0007
1102  0.0007
1103  0.0004
1104  0.0006
1105  0.0006
1106  0.0012
1107  0.001
1108  0.0008
1109  0.0004
1110  0.0013
1111  0.0007
1112  0.0003
1113  0.0011
1114  0.0002
1115  0.0005
1116  0.0014
1117  0.0008
1118  0.0008
1119  0.001
1120  0.0016
1121  0.0009
1122  0.0012
1123  0.0013
1124  0.0007
1125  0.0006
1126  0.0009
1127  0.0004
1128  0.0004
1129  0.0006
1130  0.0008
1131  0.0005
1132  0.0002
1133  0.0004
1134  0.0008
1135  0.0005
1136  0.0009
1137  0.0008
1138  0.0005
1139  0.0007
1140  0.0004
1141  0.0011
1142  0.001
1143  0.0004
1144  0.0007
1145  0.0005
1146  0.0004
1147  0.0003
1148  0.0009
1149  0.0008
1150  0.0006
1151  0.0009
1152  0.0005
1153  0.0014
1154  0.0008
1155  0.0011
1156  0.0009
1157  0.001
1158  0.0006
1159  0.0007
1160  0.0007
1161  0.0008
1162  0.0004
1163  0.0009
1164  0.0007
1165  0.0012
1166  0.0006
1167  0.0003
1168  0.0005
1169  0.0007
1170  0.0005
1171  0.0005
1172  0.0007
1173  0.0007
1174  0.0005
1175  0.0005
1176  0.001
1177  0.0007
1178  0.001
1179  0.001
1180  0.0007
1181  0.0009
1182  0.0004
1183  0.0008
1184  0.0005
1185  0.0005
1186  0.0001
1187  0.0008
1188  0.0004
1189  0.0007
1190  0.0007
1191  0.0011
1192  0.0005
1193  0.0003
1194  0.0008
1195  0.0001
1196  0.0005
1197  0.0004
1198  0.0007
1199  0.0004
1200  0.0006
1201  0.0006
1202  0.0006
1203  0.0015
1204  0.0003
1205  0.0006
1206  0.0007
1207  0.0008
1208  0.0004
1209  0.0004
1210  0.0005
1211  0.0004
1212  0.0006
1213  0.0004
1214  0.0004
1215  0.0006
1216  0.0003
1217  0.0006
1218  0.0002
1219  0.0003
1220  0.0007
1221  0.0003
1222  0.0008
1223  0.0004
1224  0.0004
1225  0.0009
1226  0.0004
1227  0.0004
1228  0.0003
1229  0.0003
1230  0.0006
1231  0.0005
1232  0.0006
1233  0.0004
1234  0.0001
1235  0.0004
1236  0.0002
1237  0.0002
1238  0.0004
1239  0.0001
1240  0.0003
1241  0.0006
1242  0.0006
1243  0.0006
1244  0.0003
1245  0.0004
1246  0.0004
1247  0.0009
1248  0.0004
1249  0.0003
1250  0.0004
1251  0.0002
1252  0.0002
1253  0.0002
1255  0.0006
1256  0.0001
1257  0.0003
1258  0.0001
1260  0.0001
1261  0.0003
1262  0.0002
1263  0.0002
1265  0.0002
1266  0.0003
1267  0.0003
1268  0.0003
1269  0.0003
1270  0.0002
1271  0.0001
1272  0.0004
1273  0.0001
1274  0.0002
1275  0.0001
1276  0.0001
1277  0.0006
1278  0.0003
1279  0.0003
1280  0.0001
1281  0.0002
1282  0.0003
1283  0.0001
1284  0.0002
1285  0.0002
1286  0.0003
1287  0.0005
1288  0.0004
1289  0.0001
1290  0.0001
1291  0.0002
1292  0.0004
1293  0.0005
1294  0.0001
1295  0.0003
1296  0.0004
1298  0.0002
1299  0.0005
1301  0.0003
1302  0.0001
1303  0.0001
1304  0.0003
1305  0.0002
1306  0.0003
1307  0.0002
1308  0.0003
1309  0.0001
1310  0.0001
1311  0.0004
1312  0.0001
1313  0.0002
1315  0.0001
1317  0.0002
1318  0.0001
1319  0.0002
1320  0.0003
1322  0.0002
1323  0.0001
1325  0.0005
1326  0.0002
1327  0.0001
1329  0.0001
1333  0.0001
1334  0.0001
1335  0.0001
1337  0.0001
1340  0.0002
1341  0.0001
1342  0.0003
1343  0.0002
1344  0.0001
1345  0.0001
1348  0.0001
1349  0.0002
1351  0.0002
1352  0.0001
1353  0.0001
1356  0.0001
1358  0.0001
1359  0.0001
1360  0.0001
1362  0.0001
1364  0.0001
1366  0.0001
1367  0.0001
1370  0.0001
1373  0.0002
1389  0.0001
1390  0.0001
1391  0.0001
1396  0.0001
1409  0.0001
1422  0.0001
1425  0.0001
