1  0.5473
2  0.069
3  0.0436
4  0.0336
5  0.0249
6  0.0215
7  0.0199
8  0.0177
9  0.0157
10  0.0129
11  0.0122
12  0.0113
13  0.01
14  0.0101
15  0.0074
16  0.007
17  0.0072
18  0.0087
19  0.0061
20  0.0057
21  0.0061
22  0.005
23  0.0033
24  0.0038
25  0.0032
26  0.003
27  0.0028
28  0.0023
29  0.0027
30  0.0027
31  0.0029
32  0.0021
33  0.0016
34  0.0017
35  0.0013
36  0.002
37  0.0016
38  0.0013
39  0.0014
40  0.0016
41  0.0012
42  0.0013
43  0.0008
44  0.0012
45  0.0013
46  0.0012
47  0.0009
48  0.0013
49  0.001
50  0.0006
51  0.001
52  0.0005
53  0.0007
54  0.0004
55  0.0005
56  0.0009
57  0.0005
58  0.0004
59  0.0001
60  0.0005
61  0.0006
62  0.0008
63  0.0003
64  0.0002
65  0.0004
66  0.0002
67  0.0002
68  0.0002
69  0.0003
70  0.0007
71  0.0004
72  0.0004
73  0.0004
74  0.0001
75  0.0001
76  0.0001
77  0.0003
78  0.0001
79  0.0003
80  0.0001
81  0.0002
82  0.0005
83  0.0004
84  0.0002
85  0.0005
86  0.0002
87  0.0002
88  0.0001
89  0.0002
90  0.0001
91  0.0002
93  0.0001
94  0.0002
95  0.0003
96  0.0001
97  0.0001
98  0.0001
99  0.0002
100  0.0002
101  0.0001
102  0.0002
104  0.0003
106  0.0003
107  0.0001
108  0.0001
110  0.0005
112  0.0002
115  0.0001
119  0.0001
120  0.0001
123  0.0002
130  0.0001
132  0.0001
133  0.0001
137  0.0001
140  0.0001
142  0.0002
145  0.0001
149  0.0001
162  0.0001
165  0.0001
166  0.0001
168  0.0001
177  0.0001
183  0.0001
187  0.0001
221  0.0001
2039  0.0001
2048  0.0001
2061  0.0001
2068  0.0001
2071  0.0001
2072  0.0001
2084  0.0001
2088  0.0001
2089  0.0001
2090  0.0001
2094  0.0002
2096  0.0001
2102  0.0001
2103  0.0003
2104  0.0001
2105  0.0002
2107  0.0001
2116  0.0001
2117  0.0002
2118  0.0003
2119  0.0001
2122  0.0002
2126  0.0001
2127  0.0001
2128  0.0001
2131  0.0001
2133  0.0001
2135  0.0001
2136  0.0003
2137  0.0001
2139  0.0002
2140  0.0001
2141  0.0001
2142  0.0001
2143  0.0002
2146  0.0003
2147  0.0003
2148  0.0002
2149  0.0001
2150  0.0001
2152  0.0003
2153  0.0002
2154  0.0001
2155  0.0002
2156  0.0002
2157  0.0002
2158  0.0002
2159  0.0003
2160  0.0003
2161  0.0002
2163  0.0004
2164  0.0002
2165  0.0003
2166  0.0005
2167  0.0003
2168  0.0003
2169  0.0001
2170  0.0003
2171  0.0003
2172  0.0012
2173  0.0004
2174  0.0002
2175  0.0012
2176  0.0004
2177  0.0004
2178  0.0004
2179  0.0003
2180  0.0004
2181  0.0004
2182  0.0005
2183  0.0006
2184  0.0008
2185  0.0006
2186  0.0005
2187  0.0014
2188  0.0008
2189  0.0011
2190  0.0009
2191  0.001
2192  0.0009
2193  0.0013
2194  0.0009
2195  0.0011
2196  0.0014
2197  0.0013
2198  0.0016
2199  0.0014
2200  0.0013
2201  0.0012
2202  0.0022
2203  0.0016
2204  0.0019
2205  0.0022
2206  0.0026
2207  0.0032
2208  0.0031
2209  0.0018
2210  0.0034
2211  0.0035
2212  0.0041
2213  0.0037
2214  0.004
2215  0.0052
2216  0.0057
2217  0.0056
2218  0.006
2219  0.0057
2220  0.0069
2221  0.0068
2222  0.0069
2223  0.0097
2224  0.0106
2225  0.0091
2226  0.0106
2227  0.0099
2228  0.0111
2229  0.0112
2230  0.0131
2231  0.0127
2232  0.0158
2233  0.0159
2234  0.0177
2235  0.017
2236  0.0166
2237  0.0176
2238  0.0204
2239  0.0208
2240  0.021
2241  0.0209
2242  0.0242
2243  0.0209
2244  0.0223
2245  0.0235
2246  0.0238
2247  0.0221
2248  0.0221
2249  0.0227
2250  0.0224
2251  0.022
2252  0.0205
2253  0.0207
2254  0.0187
2255  0.0204
2256  0.022
2257  0.0189
2258  0.0199
2259  0.0191
2260  0.0195
2261  0.0152
2262  0.0144
2263  0.0154
2264  0.0129
2265  0.0134
2266  0.0112
2267  0.0107
2268  0.0112
2269  0.0083
2270  0.0106
2271  0.0074
2272  0.007
2273  0.0067
2274  0.0058
2275  0.0058
2276  0.0053
2277  0.0049
2278  0.0033
2279  0.0031
2280  0.0027
2281  0.002
2282  0.0017
2283  0.0026
2284  0.0015
2285  0.0011
2286  0.0013
2287  0.0004
2288  0.0011
2289  0.0009
2290  0.0005
2291  0.0003
2292  0.0002
2293  0.0002
2294  0.0001
2295  0.0003
2296  0.0001
2297  0.0001
2301  0.0001
2304  0.0001
2317  0.0001
