1  732.537
2  215.735
3  121.708
4  73.149
5  46.7017
6  30.8459
7  21.1193
8  14.8325
9  10.6215
10  7.6889
11  5.5807
12  4.1699
13  3.0706
14  2.3032
15  1.7335
16  1.3122
17  1.0042
18  0.7591
19  0.585
20  0.4434
21  0.3457
22  0.268
23  0.2027
24  0.1585
25  0.1295
26  0.1051
27  0.0808
28  0.0569
29  0.0497
30  0.0378
31  0.0304
32  0.0229
33  0.0177
34  0.0151
35  0.0109
36  0.0082
37  0.0064
38  0.0057
39  0.0051
40  0.0038
41  0.0028
42  0.002
43  0.0016
44  0.001
45  0.0009
46  0.0009
47  0.0006
48  0.0009
49  0.001
50  0.0001
51  0.0003
52  0.0002
54  0.0002
56  0.0002
57  0.0001
59  0.0002
62  0.0003
70  0.0001
