1  532.425
2  155.241
3  96.8287
4  64.4257
5  45.8449
6  34.0522
7  26.1359
8  20.5471
9  16.6564
10  13.4358
11  11.1609
12  9.3144
13  7.8409
14  6.6979
15  5.7275
16  4.9129
17  4.2713
18  3.7114
19  3.1819
20  2.8223
21  2.5017
22  2.1735
23  1.913
24  1.6994
25  1.5026
26  1.3346
27  1.1951
28  1.0619
29  0.9332
30  0.8543
31  0.7527
32  0.6807
33  0.6149
34  0.5319
35  0.4935
36  0.4302
37  0.3903
38  0.3607
39  0.3348
40  0.2868
41  0.2698
42  0.2472
43  0.2204
44  0.2004
45  0.1766
46  0.1648
47  0.1458
48  0.1301
49  0.1221
50  0.1106
51  0.1005
52  0.0914
53  0.0817
54  0.0748
55  0.071
56  0.0607
57  0.0638
58  0.0503
59  0.0503
60  0.046
61  0.0416
62  0.0375
63  0.0303
64  0.0287
65  0.026
66  0.0255
67  0.0234
68  0.0215
69  0.0192
70  0.0168
71  0.0161
72  0.0139
73  0.0134
74  0.0138
75  0.0127
76  0.0097
77  0.0093
78  0.0095
79  0.0082
80  0.0077
81  0.0059
82  0.0049
83  0.0067
84  0.0051
85  0.0048
86  0.0045
87  0.004
88  0.0043
89  0.0022
90  0.0036
91  0.0032
92  0.0028
93  0.0025
94  0.0028
95  0.002
96  0.0021
97  0.0013
98  0.0015
99  0.0014
100  0.0012
101  0.0013
102  0.0009
103  0.0017
104  0.0013
105  0.0009
106  0.0009
107  0.0008
108  0.0007
109  0.0005
110  0.0007
111  0.0004
112  0.0004
113  0.0007
114  0.0004
115  0.0004
116  0.0005
117  0.0006
118  0.0007
119  0.0001
120  0.0001
121  0.0005
122  0.0003
123  0.0003
124  0.0002
126  0.0001
129  0.0002
131  0.0002
134  0.0001
135  0.0001
137  0.0001
138  0.0002
139  0.0001
140  0.0001
141  0.0001
142  0.0002
144  0.0002
148  0.0001
150  0.0001
158  0.0001
160  0.0001
167  0.0001
