1  14.9005
2  1.3027
3  0.5144
4  0.245
5  0.1316
6  0.0723
7  0.0423
8  0.0291
9  0.0195
10  0.014
11  0.0096
12  0.0078
13  0.0071
14  0.0052
15  0.0024
16  0.0035
17  0.0022
18  0.0023
19  0.0012
20  0.0007
21  0.0008
22  0.0012
23  0.0009
24  0.0003
25  0.0002
26  0.0002
27  0.0002
28  0.0001
29  0.0002
30  0.0006
31  0.0002
34  0.0003
36  0.0001
38  0.0001
39  0.0001
40  0.0001
41  0.0002
42  0.0003
65  0.0001
7789  0.0001
7816  0.0001
7817  0.0001
7818  0.0001
7819  0.0001
7820  0.0001
7827  0.0001
7828  0.0001
7831  0.0001
7833  0.0001
7834  0.0001
7835  0.0002
7840  0.0001
7841  0.0001
7843  0.0002
7845  0.0001
7846  0.0002
7847  0.0001
7849  0.0001
7850  0.0001
7851  0.0004
7852  0.0002
7856  0.0002
7857  0.0003
7858  0.0003
7859  0.0002
7860  0.0002
7861  0.0002
7862  0.0001
7863  0.0004
7864  0.0006
7865  0.0003
7866  0.0006
7867  0.0003
7868  0.001
7869  0.0004
7870  0.0006
7871  0.0005
7872  0.0003
7873  0.0005
7874  0.0002
7875  0.0005
7876  0.0005
7877  0.0009
7878  0.0007
7879  0.0006
7880  0.0006
7881  0.0006
7882  0.0005
7883  0.0008
7884  0.0014
7885  0.0011
7886  0.0005
7887  0.0007
7888  0.0012
7889  0.0011
7890  0.0009
7891  0.0014
7892  0.0012
7893  0.0015
7894  0.0011
7895  0.0012
7896  0.0016
7897  0.0013
7898  0.0014
7899  0.0021
7900  0.0019
7901  0.0021
7902  0.003
7903  0.0026
7904  0.0039
7905  0.0022
7906  0.0019
7907  0.0027
7908  0.003
7909  0.002
7910  0.0041
7911  0.0022
7912  0.0033
7913  0.0031
7914  0.0027
7915  0.0027
7916  0.0035
7917  0.0036
7918  0.003
7919  0.004
7920  0.0031
7921  0.0033
7922  0.0036
7923  0.0042
7924  0.0037
7925  0.0047
7926  0.0032
7927  0.0038
7928  0.0045
7929  0.0049
7930  0.0057
7931  0.0044
7932  0.006
7933  0.0052
7934  0.0052
7935  0.0045
7936  0.0055
7937  0.0049
7938  0.007
7939  0.0069
7940  0.0075
7941  0.006
7942  0.0065
7943  0.0077
7944  0.0085
7945  0.0063
7946  0.007
7947  0.0073
7948  0.0085
7949  0.0074
7950  0.0075
7951  0.0087
7952  0.0092
7953  0.0092
7954  0.0079
7955  0.0077
7956  0.0075
7957  0.008
7958  0.0088
7959  0.0097
7960  0.0083
7961  0.0085
7962  0.0085
7963  0.0073
7964  0.0084
7965  0.0097
7966  0.0098
7967  0.0084
7968  0.0096
7969  0.0091
7970  0.0069
7971  0.0102
7972  0.0095
7973  0.0093
7974  0.0094
7975  0.0091
7976  0.0093
7977  0.0087
7978  0.0086
7979  0.0103
7980  0.0088
7981  0.0084
7982  0.009
7983  0.0093
7984  0.0084
7985  0.0094
7986  0.0102
7987  0.0096
7988  0.0087
7989  0.0079
7990  0.0071
7991  0.009
7992  0.0083
7993  0.0086
7994  0.0082
7995  0.0085
7996  0.0088
7997  0.0097
7998  0.0086
7999  0.0088
8000  0.0089
8001  0.0091
8002  0.0066
8003  0.0083
8004  0.0081
8005  0.008
8006  0.0078
8007  0.0078
8008  0.0075
8009  0.0089
8010  0.008
8011  0.0079
8012  0.0072
8013  0.0065
8014  0.0066
8015  0.0061
8016  0.0061
8017  0.0055
8018  0.0062
8019  0.0059
8020  0.0062
8021  0.0065
8022  0.005
8023  0.0057
8024  0.004
8025  0.0059
8026  0.0054
8027  0.0037
8028  0.0043
8029  0.0041
8030  0.0047
8031  0.0042
8032  0.0036
8033  0.0041
8034  0.0033
8035  0.0033
8036  0.0044
8037  0.0033
8038  0.0038
8039  0.0033
8040  0.0035
8041  0.0023
8042  0.0034
8043  0.0029
8044  0.0026
8045  0.0022
8046  0.0029
8047  0.0022
8048  0.002
8049  0.0016
8050  0.0021
8051  0.0016
8052  0.0016
8053  0.0015
8054  0.0021
8055  0.0018
8056  0.0017
8057  0.0013
8058  0.0013
8059  0.0013
8060  0.0015
8061  0.002
8062  0.0016
8063  0.001
8064  0.0007
8065  0.0011
8066  0.0013
8067  0.0009
8068  0.0011
8069  0.0007
8070  0.0004
8071  0.0007
8072  0.0006
8073  0.0005
8074  0.0003
8075  0.001
8076  0.0012
8077  0.0001
8078  0.0005
8079  0.0003
8080  0.0004
8081  0.0002
8082  0.0005
8083  0.0004
8084  0.0001
8085  0.0001
8086  0.0001
8087  0.0003
8088  0.0003
8089  0.0003
8090  0.0002
8091  0.0003
8092  0.0003
8094  0.0002
8095  0.0001
8096  0.0002
8097  0.0001
8098  0.0001
8099  0.0001
8100  0.0001
8101  0.0001
8103  0.0002
8104  0.0001
8105  0.0003
8106  0.0003
8109  0.0001
8113  0.0002
8114  0.0002
8119  0.0002
8122  0.0001
8123  0.0001
8145  0.0001
