1  1.4704
2  0.1208
3  0.0527
4  0.0376
5  0.0267
6  0.0197
7  0.0196
8  0.0153
9  0.0168
10  0.0163
11  0.0137
12  0.0142
13  0.0131
14  0.0116
15  0.0117
16  0.011
17  0.0093
18  0.0101
19  0.0095
20  0.0103
21  0.0081
22  0.007
23  0.0084
24  0.0068
25  0.0067
26  0.0066
27  0.007
28  0.0055
29  0.0056
30  0.0061
31  0.0069
32  0.0044
33  0.0053
34  0.0049
35  0.0052
36  0.0039
37  0.0037
38  0.004
39  0.0042
40  0.0048
41  0.0034
42  0.0044
43  0.0035
44  0.0039
45  0.0036
46  0.0029
47  0.0035
48  0.0032
49  0.0035
50  0.0028
51  0.0029
52  0.0032
53  0.002
54  0.0027
55  0.0026
56  0.0024
57  0.0019
58  0.0029
59  0.0024
60  0.0016
61  0.002
62  0.0016
63  0.002
64  0.0017
65  0.0025
66  0.0019
67  0.0014
68  0.0018
69  0.0015
70  0.0016
71  0.002
72  0.0015
73  0.0013
74  0.0016
75  0.0009
76  0.001
77  0.0016
78  0.0012
79  0.0006
80  0.0011
81  0.0017
82  0.0009
83  0.0014
84  0.0016
85  0.0015
86  0.0018
87  0.0009
88  0.0012
89  0.0009
90  0.0009
91  0.0004
92  0.0012
93  0.0015
94  0.0011
95  0.001
96  0.001
97  0.0006
98  0.0009
99  0.0006
100  0.0011
101  0.001
102  0.0005
103  0.0008
104  0.0008
105  0.0008
106  0.0015
107  0.001
108  0.0005
109  0.0011
110  0.0007
111  0.0008
112  0.0012
113  0.0008
114  0.0007
115  0.0007
116  0.0006
117  0.0004
118  0.0001
119  0.0005
120  0.0006
121  0.0009
122  0.0009
123  0.0006
124  0.0011
125  0.0005
126  0.0005
127  0.0006
128  0.0004
129  0.0006
130  0.0008
131  0.0001
132  0.0008
133  0.0006
134  0.0006
135  0.0005
136  0.0004
137  0.0008
138  0.0001
139  0.0006
140  0.0007
141  0.0005
142  0.0007
143  0.0007
144  0.0001
145  0.0006
146  0.0005
147  0.0009
148  0.001
149  0.0003
150  0.0006
151  0.0011
152  0.0005
153  0.0002
154  0.0002
155  0.0005
156  0.0003
157  0.0004
158  0.0005
159  0.0001
160  0.0004
161  0.0002
162  0.0003
163  0.0005
164  0.0004
165  0.0002
166  0.0002
167  0.0005
168  0.0005
169  0.0007
170  0.0006
171  0.0003
173  0.0002
174  0.0004
175  0.0006
176  0.0004
177  0.0001
178  0.0003
179  0.0002
180  0.0005
181  0.0004
182  0.0002
183  0.0005
184  0.0004
185  0.0004
186  0.0008
187  0.0004
188  0.0003
189  0.0001
190  0.0005
191  0.0006
192  0.0008
193  0.0001
194  0.0004
195  0.0005
196  0.0001
197  0.0001
198  0.0002
199  0.0005
200  0.0002
201  0.0003
202  0.0003
203  0.0001
204  0.0002
205  0.0003
206  0.0003
207  0.0001
208  0.0002
209  0.0005
210  0.0002
211  0.0001
212  0.0003
213  0.0001
215  0.0001
216  0.0005
217  0.0001
218  0.0001
219  0.0003
220  0.0002
221  0.0003
223  0.0002
224  0.0001
225  0.0001
226  0.0001
227  0.0003
228  0.0001
229  0.0002
230  0.0002
231  0.0002
232  0.0001
233  0.0002
234  0.0002
235  0.0002
236  0.0003
237  0.0001
238  0.0001
240  0.0002
241  0.0002
242  0.0001
243  0.0004
246  0.0004
247  0.0004
248  0.0004
249  0.0002
251  0.0001
252  0.0003
253  0.0004
254  0.0001
255  0.0004
256  0.0002
258  0.0001
259  0.0004
261  0.0001
263  0.0002
264  0.0002
265  0.0002
267  0.0001
270  0.0002
271  0.0002
272  0.0001
273  0.0002
276  0.0003
277  0.0003
278  0.0001
280  0.0003
282  0.0001
283  0.0001
284  0.0001
286  0.0003
288  0.0001
289  0.0005
290  0.0001
295  0.0001
297  0.0002
298  0.0001
299  0.0002
300  0.0001
302  0.0001
303  0.0002
304  0.0002
305  0.0003
307  0.0003
310  0.0003
311  0.0001
313  0.0003
317  0.0002
322  0.0001
323  0.0001
324  0.0001
325  0.0002
326  0.0001
327  0.0002
330  0.0002
331  0.0001
335  0.0001
337  0.0001
338  0.0001
339  0.0001
340  0.0001
342  0.0002
343  0.0004
346  0.0002
353  0.0002
354  0.0002
355  0.0001
357  0.0002
359  0.0001
360  0.0001
362  0.0001
366  0.0001
368  0.0002
369  0.0001
377  0.0001
382  0.0001
384  0.0001
386  0.0001
387  0.0001
391  0.0001
394  0.0001
397  0.0001
399  0.0001
402  0.0001
403  0.0001
404  0.0001
405  0.0001
406  0.0001
407  0.0001
408  0.0001
416  0.0001
423  0.0001
424  0.0002
431  0.0001
434  0.0002
438  0.0001
440  0.0001
444  0.0001
448  0.0003
449  0.0003
458  0.0002
478  0.0001
486  0.0001
492  0.0001
493  0.0001
501  0.0001
514  0.0001
515  0.0001
521  0.0001
585  0.0001
603  0.0001
625  0.0001
656  0.0001
687  0.0001
785  0.0001
8209  0.0001
8335  0.0001
8350  0.0001
8374  0.0001
8393  0.0001
8399  0.0001
8448  0.0001
8450  0.0001
8469  0.0001
8474  0.0001
8477  0.0001
8480  0.0001
8485  0.0001
8488  0.0001
8494  0.0001
8497  0.0001
8510  0.0001
8520  0.0001
8526  0.0001
8534  0.0001
8537  0.0001
8538  0.0001
8539  0.0001
8546  0.0001
8550  0.0001
8560  0.0001
8563  0.0001
8570  0.0001
8571  0.0001
8574  0.0001
8575  0.0001
8577  0.0001
8578  0.0001
8579  0.0001
8581  0.0001
8584  0.0001
8585  0.0001
8588  0.0001
8591  0.0002
8594  0.0001
8595  0.0001
8596  0.0001
8601  0.0001
8602  0.0001
8603  0.0001
8604  0.0001
8606  0.0001
8608  0.0001
8614  0.0001
8616  0.0003
8619  0.0001
8620  0.0001
8621  0.0001
8622  0.0001
8626  0.0003
8630  0.0001
8631  0.0001
8635  0.0001
8636  0.0001
8638  0.0001
8640  0.0001
8644  0.0001
8646  0.0001
8647  0.0001
8648  0.0001
8649  0.0002
8651  0.0003
8652  0.0001
8656  0.0002
8659  0.0002
8660  0.0002
8665  0.0003
8666  0.0002
8669  0.0001
8670  0.0003
8671  0.0002
8672  0.0001
8673  0.0001
8674  0.0001
8675  0.0004
8676  0.0001
8681  0.0002
8682  0.0001
8683  0.0002
8684  0.0002
8685  0.0005
8688  0.0001
8690  0.0001
8692  0.0002
8693  0.0001
8697  0.0002
8698  0.0003
8699  0.0002
8700  0.0001
8701  0.0003
8702  0.0002
8703  0.0001
8705  0.0001
8706  0.0002
8707  0.0001
8708  0.0001
8709  0.0001
8711  0.0001
8712  0.0001
8714  0.0003
8715  0.0002
8716  0.0002
8717  0.0001
8718  0.0001
8720  0.0001
8721  0.0002
8722  0.0003
8725  0.0001
8727  0.0003
8728  0.0003
8729  0.0001
8730  0.0001
8731  0.0003
8732  0.0002
8733  0.0001
8734  0.0001
8735  0.0002
8736  0.0002
8737  0.0002
8740  0.0003
8741  0.0002
8742  0.0002
8743  0.0001
8744  0.0003
8746  0.0005
8747  0.0003
8749  0.0001
8750  0.0004
8751  0.0001
8752  0.0003
8754  0.0001
8755  0.0001
8758  0.0001
8761  0.0003
8762  0.0006
8763  0.0005
8764  0.0003
8766  0.0002
8767  0.0002
8768  0.0002
8769  0.0002
8770  0.0004
8772  0.0004
8773  0.0002
8774  0.0001
8775  0.0003
8777  0.0005
8778  0.0001
8780  0.0003
8782  0.0003
8783  0.0004
8784  0.0002
8785  0.0001
8786  0.0003
8787  0.0004
8788  0.0006
8789  0.0001
8790  0.0002
8791  0.0004
8792  0.0003
8793  0.0003
8795  0.0004
8796  0.0003
8797  0.0002
8798  0.0003
8799  0.0004
8800  0.0005
8801  0.0001
8802  0.0007
8803  0.0005
8804  0.0006
8805  0.0002
8806  0.0001
8807  0.0004
8808  0.0005
8809  0.0004
8810  0.0005
8811  0.0007
8812  0.0002
8813  0.0008
8814  0.0004
8815  0.0006
8816  0.0004
8817  0.0002
8818  0.0005
8819  0.0007
8820  0.0003
8821  0.0005
8822  0.0002
8823  0.0006
8824  0.0005
8825  0.0008
8826  0.0004
8827  0.0004
8828  0.0001
8829  0.0005
8830  0.0004
8831  0.0005
8832  0.0005
8833  0.0002
8834  0.0004
8835  0.0011
8836  0.0009
8837  0.001
8838  0.0003
8839  0.0006
8840  0.001
8841  0.0004
8842  0.0007
8843  0.0006
8844  0.0007
8845  0.0004
8846  0.0002
8847  0.0007
8848  0.0005
8849  0.0009
8850  0.0005
8851  0.0004
8852  0.0005
8853  0.0005
8854  0.0007
8855  0.0009
8856  0.0005
8857  0.0004
8858  0.0006
8859  0.0005
8860  0.0005
8861  0.0007
8862  0.0008
8863  0.0006
8864  0.0003
8865  0.0008
8866  0.0011
8867  0.0007
8868  0.0012
8869  0.0007
8870  0.0007
8871  0.0006
8872  0.0006
8873  0.0014
8874  0.0007
8875  0.001
8876  0.0008
8877  0.0003
8878  0.0005
8879  0.0008
8880  0.0005
8881  0.0008
8882  0.0013
8883  0.0007
8884  0.0008
8885  0.0013
8886  0.0006
8887  0.0006
8888  0.0008
8889  0.0011
8890  0.001
8891  0.0016
8892  0.0011
8893  0.0006
8894  0.0016
8895  0.0011
8896  0.0017
8897  0.0016
8898  0.0011
8899  0.0019
8900  0.0014
8901  0.001
8902  0.0023
8903  0.0016
8904  0.0014
8905  0.0018
8906  0.0015
8907  0.0018
8908  0.0022
8909  0.0013
8910  0.0015
8911  0.0017
8912  0.0018
8913  0.0021
8914  0.0018
8915  0.0022
8916  0.0018
8917  0.0021
8918  0.0012
8919  0.0021
8920  0.0024
8921  0.0033
8922  0.0022
8923  0.0024
8924  0.0024
8925  0.0021
8926  0.0021
8927  0.0025
8928  0.0035
8929  0.0031
8930  0.0031
8931  0.0033
8932  0.0036
8933  0.0034
8934  0.0026
8935  0.0024
8936  0.003
8937  0.0044
8938  0.0049
8939  0.0024
8940  0.004
8941  0.0037
8942  0.0043
8943  0.0043
8944  0.005
8945  0.0042
8946  0.0041
8947  0.004
8948  0.0045
8949  0.0047
8950  0.0047
8951  0.0045
8952  0.0062
8953  0.0063
8954  0.0063
8955  0.0059
8956  0.0064
8957  0.0057
8958  0.0054
8959  0.0057
8960  0.0067
8961  0.0064
8962  0.0067
8963  0.007
8964  0.0066
8965  0.0075
8966  0.009
8967  0.0072
8968  0.0085
8969  0.009
8970  0.0077
8971  0.0092
8972  0.0089
8973  0.0107
8974  0.0081
8975  0.0095
8976  0.0081
8977  0.0103
8978  0.0088
8979  0.0101
8980  0.0087
8981  0.0093
8982  0.0104
8983  0.0094
8984  0.0093
8985  0.0092
8986  0.0109
8987  0.0087
8988  0.0084
8989  0.0093
8990  0.0107
8991  0.011
8992  0.0119
8993  0.0085
8994  0.0109
8995  0.0095
8996  0.0087
8997  0.0098
8998  0.0093
8999  0.01
9000  0.0091
9001  0.0099
9002  0.0103
9003  0.0104
9004  0.0099
9005  0.0078
9006  0.0089
9007  0.0096
9008  0.008
9009  0.0097
9010  0.01
9011  0.0087
9012  0.0086
9013  0.0094
9014  0.0081
9015  0.0081
9016  0.008
9017  0.0093
9018  0.0068
9019  0.0068
9020  0.0077
9021  0.0069
9022  0.0072
9023  0.0063
9024  0.007
9025  0.0071
9026  0.0063
9027  0.0058
9028  0.0053
9029  0.0054
9030  0.0053
9031  0.0049
9032  0.0053
9033  0.0048
9034  0.0044
9035  0.0064
9036  0.0045
9037  0.0041
9038  0.0037
9039  0.0026
9040  0.0046
9041  0.0022
9042  0.004
9043  0.0031
9044  0.0023
9045  0.0028
9046  0.0032
9047  0.0016
9048  0.0029
9049  0.0022
9050  0.003
9051  0.0021
9052  0.002
9053  0.0012
9054  0.0017
9055  0.0016
9056  0.0017
9057  0.0008
9058  0.0015
9059  0.0014
9060  0.0012
9061  0.001
9062  0.0006
9063  0.0012
9064  0.0006
9065  0.0006
9066  0.0005
9067  0.0005
9068  0.0005
9069  0.0006
9070  0.0002
9071  0.0004
9072  0.0006
9073  0.0004
9074  0.0002
9075  0.0005
9076  0.0006
9077  0.0004
9078  0.0007
9079  0.0002
9080  0.0003
9081  0.0003
9082  0.0003
9084  0.0002
9086  0.0003
9087  0.0002
9088  0.0001
9089  0.0001
9092  0.0002
9093  0.0002
9094  0.0001
9097  0.0001
9106  0.0001
