1  162.895
2  33.2469
3  19.5546
4  12.4835
5  8.548
6  6.2762
7  4.8202
8  3.7596
9  3.0639
10  2.5282
11  2.1438
12  1.8316
13  1.5814
14  1.3747
15  1.2211
16  1.0918
17  0.9441
18  0.8638
19  0.8064
20  0.7085
21  0.6489
22  0.5937
23  0.5511
24  0.512
25  0.4692
26  0.435
27  0.4148
28  0.3854
29  0.3638
30  0.3358
31  0.3223
32  0.2973
33  0.2763
34  0.2629
35  0.2598
36  0.2394
37  0.2294
38  0.2132
39  0.2079
40  0.2029
41  0.1901
42  0.1864
43  0.1801
44  0.1654
45  0.1572
46  0.1533
47  0.144
48  0.1441
49  0.1378
50  0.1346
51  0.1272
52  0.123
53  0.1163
54  0.1048
55  0.1085
56  0.1036
57  0.1051
58  0.1034
59  0.0966
60  0.0924
61  0.0881
62  0.0888
63  0.0857
64  0.0795
65  0.0766
66  0.0741
67  0.0759
68  0.0706
69  0.0675
70  0.0708
71  0.0684
72  0.0667
73  0.0618
74  0.0598
75  0.061
76  0.0628
77  0.0562
78  0.0563
79  0.0558
80  0.0576
81  0.0544
82  0.0504
83  0.0515
84  0.0552
85  0.05
86  0.0488
87  0.0479
88  0.0431
89  0.0446
90  0.0437
91  0.0464
92  0.0444
93  0.0382
94  0.0418
95  0.0358
96  0.0395
97  0.0384
98  0.0365
99  0.034
100  0.037
101  0.0349
102  0.0312
103  0.0318
104  0.0318
105  0.0333
106  0.0318
107  0.0325
108  0.0299
109  0.0301
110  0.0328
111  0.031
112  0.0289
113  0.0287
114  0.0276
115  0.029
116  0.0258
117  0.0275
118  0.0258
119  0.0258
120  0.0262
121  0.0263
122  0.0252
123  0.0233
124  0.0262
125  0.0238
126  0.0252
127  0.0224
128  0.0229
129  0.0234
130  0.0257
131  0.021
132  0.0222
133  0.0232
134  0.0213
135  0.0216
136  0.0202
137  0.0201
138  0.0202
139  0.0196
140  0.0203
141  0.0192
142  0.0181
143  0.0187
144  0.0196
145  0.0192
146  0.0187
147  0.0176
148  0.0188
149  0.0205
150  0.0159
151  0.0168
152  0.0192
153  0.0161
154  0.017
155  0.0163
156  0.0168
157  0.0172
158  0.0135
159  0.015
160  0.0155
161  0.0147
162  0.0144
163  0.0163
164  0.0148
165  0.0149
166  0.016
167  0.0132
168  0.0119
169  0.0149
170  0.0134
171  0.0135
172  0.0165
173  0.016
174  0.0129
175  0.0118
176  0.015
177  0.0136
178  0.0095
179  0.0111
180  0.012
181  0.013
182  0.0111
183  0.0124
184  0.0113
185  0.0107
186  0.0106
187  0.013
188  0.0135
189  0.0111
190  0.0109
191  0.0098
192  0.0091
193  0.0109
194  0.0126
195  0.0101
196  0.0093
197  0.0118
198  0.0113
199  0.0101
200  0.0105
201  0.01
202  0.0108
203  0.0111
204  0.0098
205  0.01
206  0.0093
207  0.0096
208  0.0107
209  0.0103
210  0.0104
211  0.0096
212  0.0107
213  0.0113
214  0.011
215  0.0079
216  0.0094
217  0.0103
218  0.0092
219  0.0104
220  0.0068
221  0.0075
222  0.0084
223  0.0076
224  0.0072
225  0.0076
226  0.0072
227  0.0078
228  0.0075
229  0.0086
230  0.0072
231  0.0082
232  0.0082
233  0.0084
234  0.0077
235  0.0066
236  0.0067
237  0.0067
238  0.0086
239  0.0075
240  0.0076
241  0.009
242  0.007
243  0.0073
244  0.0056
245  0.0083
246  0.0072
247  0.0067
248  0.0082
249  0.0075
250  0.0067
251  0.0064
252  0.0068
253  0.0056
254  0.0079
255  0.0066
256  0.0078
257  0.0059
258  0.007
259  0.0063
260  0.007
261  0.0064
262  0.0075
263  0.0064
264  0.0062
265  0.0063
266  0.0065
267  0.0063
268  0.0061
269  0.0057
270  0.0051
271  0.0058
272  0.0053
273  0.0067
274  0.0059
275  0.0068
276  0.0056
277  0.0067
278  0.0048
279  0.0065
280  0.0049
281  0.0046
282  0.0064
283  0.0055
284  0.0047
285  0.0056
286  0.0043
287  0.005
288  0.0061
289  0.0046
290  0.006
291  0.0054
292  0.007
293  0.0059
294  0.0053
295  0.0058
296  0.0044
297  0.0052
298  0.0059
299  0.0045
300  0.0053
301  0.0043
302  0.0054
303  0.0044
304  0.0044
305  0.0045
306  0.0055
307  0.0043
308  0.0067
309  0.0052
310  0.0051
311  0.0045
312  0.0026
313  0.0047
314  0.0041
315  0.0045
316  0.0045
317  0.0061
318  0.0038
319  0.0055
320  0.0059
321  0.0053
322  0.0048
323  0.0049
324  0.0058
325  0.004
326  0.005
327  0.0038
328  0.0049
329  0.0039
330  0.0048
331  0.0049
332  0.004
333  0.0047
334  0.0037
335  0.0048
336  0.0038
337  0.0041
338  0.004
339  0.0039
340  0.005
341  0.0045
342  0.0043
343  0.0038
344  0.004
345  0.0038
346  0.0022
347  0.0032
348  0.0046
349  0.0045
350  0.0036
351  0.0043
352  0.0039
353  0.0042
354  0.004
355  0.0042
356  0.0039
357  0.0038
358  0.0048
359  0.0032
360  0.0035
361  0.0038
362  0.002
363  0.0037
364  0.0039
365  0.0041
366  0.0034
367  0.0031
368  0.0038
369  0.0048
370  0.003
371  0.0038
372  0.0041
373  0.0032
374  0.0032
375  0.004
376  0.0031
377  0.0027
378  0.0036
379  0.0038
380  0.0022
381  0.0026
382  0.0036
383  0.0033
384  0.0031
385  0.0034
386  0.0034
387  0.0035
388  0.0032
389  0.004
390  0.0034
391  0.0039
392  0.0034
393  0.0027
394  0.0038
395  0.0034
396  0.0034
397  0.003
398  0.0023
399  0.0023
400  0.003
401  0.0031
402  0.0033
403  0.0029
404  0.003
405  0.003
406  0.0036
407  0.0032
408  0.0031
409  0.0025
410  0.0031
411  0.0028
412  0.0037
413  0.003
414  0.003
415  0.0027
416  0.003
417  0.003
418  0.003
419  0.0028
420  0.003
421  0.0029
422  0.0029
423  0.0032
424  0.0025
425  0.003
426  0.0024
427  0.0016
428  0.0026
429  0.0025
430  0.0026
431  0.0024
432  0.0038
433  0.0023
434  0.0037
435  0.0028
436  0.0024
437  0.0027
438  0.0026
439  0.002
440  0.0026
441  0.0022
442  0.0024
443  0.0027
444  0.0024
445  0.0022
446  0.0032
447  0.0017
448  0.0024
449  0.0028
450  0.002
451  0.0023
452  0.0021
453  0.0027
454  0.0029
455  0.0025
456  0.0031
457  0.0027
458  0.0023
459  0.0018
460  0.0018
461  0.0025
462  0.0028
463  0.0023
464  0.0019
465  0.0024
466  0.0026
467  0.0019
468  0.0015
469  0.0029
470  0.0028
471  0.0021
472  0.0018
473  0.0014
474  0.0022
475  0.0019
476  0.0022
477  0.0026
478  0.0026
479  0.0017
480  0.0022
481  0.0015
482  0.0027
483  0.0026
484  0.0012
485  0.0025
486  0.002
487  0.002
488  0.0023
489  0.0015
490  0.002
491  0.0014
492  0.0022
493  0.0018
494  0.0015
495  0.0019
496  0.0023
497  0.003
498  0.0014
499  0.0017
500  0.0021
501  0.002
502  0.0017
503  0.0021
504  0.0034
505  0.0022
506  0.0021
507  0.0015
508  0.0025
509  0.002
510  0.0016
511  0.0022
512  0.0018
513  0.002
514  0.0021
515  0.0029
516  0.0012
517  0.0013
518  0.0015
519  0.0018
520  0.0009
521  0.0018
522  0.0018
523  0.0014
524  0.0015
525  0.0016
526  0.0011
527  0.0015
528  0.0017
529  0.0019
530  0.0019
531  0.0023
532  0.002
533  0.0016
534  0.0021
535  0.0023
536  0.0025
537  0.0012
538  0.0019
539  0.0017
540  0.0016
541  0.0013
542  0.0028
543  0.0015
544  0.0024
545  0.0016
546  0.0027
547  0.0016
548  0.0016
549  0.0012
550  0.0016
551  0.0018
552  0.0018
553  0.0016
554  0.0016
555  0.0017
556  0.0019
557  0.0013
558  0.0017
559  0.0015
560  0.0022
561  0.0017
562  0.0022
563  0.0021
564  0.0022
565  0.0015
566  0.0017
567  0.0013
568  0.0024
569  0.0014
570  0.0019
571  0.0013
572  0.0013
573  0.0008
574  0.0015
575  0.0012
576  0.0009
577  0.0015
578  0.0017
579  0.0013
580  0.0027
581  0.0015
582  0.001
583  0.0026
584  0.0018
585  0.0017
586  0.0015
587  0.0017
588  0.0008
589  0.0013
590  0.0013
591  0.001
592  0.0012
593  0.0011
594  0.0025
595  0.0021
596  0.0014
597  0.0016
598  0.0012
599  0.0019
600  0.0018
601  0.0014
602  0.0019
603  0.0014
604  0.0016
605  0.0016
606  0.0018
607  0.0015
608  0.001
609  0.0018
610  0.0018
611  0.0015
612  0.0021
613  0.0016
614  0.0015
615  0.0016
616  0.0014
617  0.0023
618  0.0012
619  0.0013
620  0.0008
621  0.0012
622  0.0013
623  0.0021
624  0.0011
625  0.0011
626  0.0018
627  0.0018
628  0.0013
629  0.001
630  0.0008
631  0.001
632  0.0013
633  0.0018
634  0.0011
635  0.0012
636  0.0007
637  0.0013
638  0.0009
639  0.0017
640  0.002
641  0.0013
642  0.0013
643  0.0013
644  0.0015
645  0.0017
646  0.0015
647  0.0016
648  0.0014
649  0.0014
650  0.001
651  0.0012
652  0.0015
653  0.0017
654  0.0009
655  0.0009
656  0.0011
657  0.0012
658  0.0019
659  0.0016
660  0.001
661  0.0013
662  0.0011
663  0.0018
664  0.0014
665  0.0016
666  0.001
667  0.0012
668  0.0013
669  0.0013
670  0.0016
671  0.0016
672  0.0014
673  0.0012
674  0.001
675  0.0009
676  0.0011
677  0.0013
678  0.001
679  0.0006
680  0.001
681  0.0013
682  0.0014
683  0.0014
684  0.0015
685  0.0008
686  0.0016
687  0.0015
688  0.0016
689  0.0014
690  0.002
691  0.001
692  0.0011
693  0.0014
694  0.0008
695  0.0005
696  0.0012
697  0.001
698  0.0013
699  0.0009
700  0.0011
701  0.0007
702  0.0011
703  0.0014
704  0.0008
705  0.0012
706  0.0012
707  0.0014
708  0.0009
709  0.0007
710  0.0013
711  0.0012
712  0.0007
713  0.0014
714  0.0014
715  0.0009
716  0.0008
717  0.0009
718  0.0012
719  0.0011
720  0.0008
721  0.0009
722  0.0006
723  0.0011
724  0.001
725  0.002
726  0.0006
727  0.0011
728  0.0007
729  0.0012
730  0.0011
731  0.0013
732  0.002
733  0.001
734  0.0004
735  0.0008
736  0.0008
737  0.0012
738  0.0012
739  0.0016
740  0.0011
741  0.0009
742  0.0015
743  0.0013
744  0.0012
745  0.0018
746  0.0007
747  0.0009
748  0.0009
749  0.0009
750  0.0004
751  0.0015
752  0.001
753  0.0008
754  0.0006
755  0.0013
756  0.0013
757  0.0014
758  0.0018
759  0.0009
760  0.0012
761  0.001
762  0.0016
763  0.0004
764  0.0007
765  0.0011
766  0.0016
767  0.0008
768  0.0012
769  0.0011
770  0.0013
771  0.001
772  0.0009
773  0.0012
774  0.0008
775  0.0011
776  0.0012
777  0.0013
778  0.0015
779  0.0005
780  0.0009
781  0.0016
782  0.0013
783  0.001
784  0.0013
785  0.0013
786  0.0006
787  0.0012
788  0.0016
789  0.001
790  0.0008
791  0.0005
792  0.0012
793  0.0005
794  0.0006
795  0.001
796  0.0016
797  0.001
798  0.0006
799  0.0008
800  0.0009
801  0.0011
802  0.0017
803  0.0005
804  0.001
805  0.0013
806  0.0007
807  0.0005
808  0.0013
809  0.0007
810  0.001
811  0.0011
812  0.0006
813  0.0013
814  0.0007
815  0.0015
816  0.0009
817  0.0011
818  0.0004
819  0.0007
820  0.0006
821  0.0009
822  0.0009
823  0.0004
824  0.0008
825  0.0005
826  0.0008
827  0.0015
828  0.0008
829  0.0003
830  0.0007
831  0.0014
832  0.0012
833  0.0012
834  0.0007
835  0.0008
836  0.001
837  0.0009
838  0.0005
839  0.0009
840  0.001
841  0.0004
842  0.0007
843  0.0007
844  0.0011
845  0.0011
846  0.0012
847  0.0011
848  0.0011
849  0.0009
850  0.0011
851  0.0015
852  0.0006
853  0.0012
854  0.0008
855  0.0008
856  0.0008
857  0.001
858  0.0007
859  0.001
860  0.0003
861  0.0013
862  0.0014
863  0.0005
864  0.0009
865  0.0008
866  0.0006
867  0.0006
868  0.0011
869  0.0013
870  0.0008
871  0.001
872  0.0006
873  0.0011
874  0.0004
875  0.0007
876  0.0007
877  0.0012
878  0.0004
879  0.0009
880  0.0008
881  0.0015
882  0.0005
883  0.001
884  0.0006
885  0.0002
886  0.0013
887  0.0002
888  0.0013
889  0.0001
890  0.0009
891  0.0008
892  0.0008
893  0.0005
894  0.0007
895  0.001
896  0.0005
897  0.0009
898  0.001
899  0.0006
900  0.0004
901  0.0005
902  0.0008
903  0.0004
904  0.0014
905  0.0011
906  0.0004
907  0.001
908  0.0008
909  0.0005
910  0.001
911  0.0009
912  0.0007
913  0.001
914  0.0007
915  0.0007
916  0.0006
917  0.0008
918  0.0011
919  0.0006
920  0.001
921  0.0007
922  0.0008
923  0.0007
924  0.0014
925  0.0006
926  0.0013
927  0.0006
928  0.0011
929  0.0002
930  0.0007
931  0.001
932  0.0007
933  0.0011
934  0.001
935  0.0012
936  0.0007
937  0.0005
938  0.001
939  0.0002
940  0.0004
941  0.0007
942  0.0007
943  0.0001
944  0.0009
945  0.001
946  0.0005
947  0.0006
948  0.0007
949  0.0008
950  0.0004
951  0.0005
952  0.0004
953  0.0008
954  0.0008
955  0.0009
956  0.0003
957  0.0004
958  0.0006
959  0.0006
960  0.0007
961  0.0013
962  0.0006
963  0.001
964  0.0007
965  0.0005
966  0.0007
967  0.0005
968  0.0004
969  0.0006
970  0.0005
971  0.0007
972  0.0006
973  0.0004
974  0.0003
975  0.0011
976  0.0005
977  0.0004
978  0.0007
979  0.0009
980  0.0005
981  0.0008
982  0.001
983  0.0006
984  0.0007
985  0.0009
986  0.0007
987  0.0006
988  0.0005
989  0.0009
990  0.0007
991  0.0004
992  0.0008
993  0.0005
994  0.0007
995  0.0008
996  0.0011
997  0.0008
998  0.0006
999  0.0004
1000  0.001
1001  0.0009
1002  0.0011
1003  0.0002
1004  0.0002
1005  0.0008
1006  0.0002
1007  0.0004
1008  0.0004
1009  0.0006
1010  0.0004
1011  0.0005
1012  0.0007
1013  0.0009
1014  0.0005
1015  0.0004
1016  0.0005
1017  0.0004
1018  0.0003
1019  0.0009
1020  0.0006
1021  0.0006
1022  0.0006
1023  0.0003
1024  0.0003
1025  0.0003
1026  0.0006
1027  0.0007
1028  0.0004
1029  0.0011
1030  0.0007
1031  0.001
1032  0.0004
1033  0.0009
1034  0.0004
1035  0.0011
1036  0.0003
1037  0.0001
1038  0.0004
1039  0.0008
1040  0.0002
1041  0.0004
1042  0.0004
1043  0.0006
1044  0.0005
1045  0.0007
1046  0.0008
1047  0.0008
1048  0.0006
1049  0.0004
1050  0.0008
1051  0.0005
1052  0.0007
1053  0.0006
1054  0.0005
1055  0.0009
1056  0.0005
1057  0.0009
1058  0.0003
1059  0.0009
1060  0.0003
1061  0.0008
1062  0.0009
1063  0.0006
1064  0.0011
1065  0.0009
1066  0.0004
1067  0.0004
1068  0.0009
1069  0.0005
1070  0.0004
1071  0.0006
1072  0.0003
1073  0.0005
1074  0.0006
1075  0.0004
1076  0.0006
1077  0.0003
1078  0.0007
1079  0.0005
1080  0.0006
1081  0.0007
1082  0.0006
1083  0.0006
1084  0.0007
1085  0.0007
1086  0.0003
1087  0.0004
1088  0.0005
1089  0.0007
1090  0.0008
1091  0.0005
1092  0.0007
1093  0.0002
1094  0.0004
1095  0.0005
1096  0.0006
1097  0.0009
1098  0.0008
1099  0.0004
1100  0.0004
1101  0.0007
1102  0.0006
1103  0.0006
1104  0.0008
1105  0.0004
1106  0.0004
1107  0.0004
1108  0.0004
1110  0.0005
1111  0.0003
1112  0.0004
1113  0.0003
1114  0.0007
1115  0.0001
1116  0.0003
1117  0.0003
1118  0.0003
1119  0.0004
1120  0.0005
1121  0.0003
1122  0.0003
1123  0.0012
1124  0.0005
1125  0.0004
1126  0.0007
1127  0.0002
1128  0.0007
1129  0.0003
1130  0.0003
1131  0.0003
1132  0.0004
1133  0.0007
1134  0.0001
1135  0.0003
1136  0.0003
1137  0.0004
1138  0.0004
1139  0.0003
1140  0.0005
1141  0.0009
1142  0.0007
1143  0.0007
1144  0.0003
1145  0.0006
1146  0.0002
1147  0.0006
1148  0.0007
1149  0.0003
1150  0.0007
1151  0.0003
1152  0.0006
1153  0.0005
1154  0.0003
1155  0.0006
1156  0.0002
1157  0.0008
1158  0.0009
1159  0.0003
1160  0.001
1161  0.0003
1162  0.0009
1163  0.0005
1164  0.0007
1165  0.0003
1166  0.0004
1167  0.0009
1168  0.0005
1169  0.0004
1170  0.0008
1171  0.0006
1172  0.0005
1173  0.0004
1174  0.0004
1175  0.0005
1176  0.0003
1177  0.0001
1178  0.0005
1179  0.0003
1180  0.0003
1181  0.0003
1182  0.0003
1183  0.0004
1184  0.0008
1185  0.0001
1186  0.0008
1187  0.0001
1188  0.0003
1189  0.0008
1190  0.0005
1191  0.0007
1192  0.0007
1193  0.0005
1194  0.0004
1195  0.0001
1196  0.0006
1197  0.0006
1198  0.0002
1199  0.0004
1200  0.0006
1201  0.0004
1202  0.0004
1203  0.0002
1204  0.0006
1205  0.0004
1206  0.0008
1207  0.0006
1208  0.0002
1209  0.0002
1210  0.0006
1211  0.0003
1212  0.0005
1213  0.0009
1214  0.0003
1215  0.0004
1216  0.0007
1217  0.0005
1218  0.0009
1219  0.0007
1220  0.0003
1221  0.0003
1222  0.0003
1223  0.0003
1224  0.0005
1225  0.0005
1226  0.0008
1227  0.0004
1228  0.0003
1229  0.0006
1230  0.0007
1231  0.0002
1232  0.0001
1233  0.0004
1234  0.0006
1235  0.0004
1236  0.0007
1237  0.0008
1238  0.0009
1239  0.0002
1240  0.0001
1241  0.0004
1242  0.0009
1243  0.0003
1244  0.0006
1245  0.0002
1246  0.0004
1247  0.0002
1248  0.0008
1249  0.0001
1250  0.0006
1251  0.0002
1252  0.0007
1253  0.0004
1254  0.0006
1255  0.0004
1256  0.0003
1257  0.0007
1258  0.0003
1259  0.0004
1260  0.0007
1261  0.0003
1262  0.0004
1263  0.0005
1264  0.0003
1265  0.0004
1266  0.0005
1267  0.0001
1268  0.0005
1269  0.0003
1270  0.0001
1271  0.0007
1272  0.0003
1273  0.0009
1274  0.0001
1275  0.0003
1276  0.0007
1277  0.0003
1278  0.0004
1279  0.0011
1280  0.0004
1281  0.0005
1282  0.0006
1283  0.0004
1284  0.0001
1285  0.0005
1286  0.0005
1287  0.0002
1288  0.0003
1289  0.0004
1290  0.0002
1291  0.0006
1292  0.0003
1293  0.0007
1294  0.0006
1295  0.0005
1296  0.0002
1297  0.0005
1298  0.0005
1299  0.0004
1300  0.0002
1301  0.0007
1302  0.0004
1303  0.0007
1304  0.0003
1305  0.0004
1306  0.0006
1307  0.0003
1308  0.0004
1309  0.0005
1310  0.0005
1311  0.0008
1312  0.0002
1313  0.0006
1314  0.0005
1315  0.0009
1316  0.0005
1317  0.0004
1318  0.0005
1319  0.0001
1320  0.0003
1321  0.0008
1322  0.0004
1323  0.0004
1324  0.0003
1325  0.0008
1326  0.0005
1327  0.0002
1328  0.0008
1329  0.0004
1330  0.0002
1331  0.0002
1332  0.0007
1333  0.0005
1334  0.0003
1335  0.0002
1336  0.0004
1337  0.0004
1338  0.0005
1339  0.0007
1340  0.0003
1341  0.0004
1342  0.0006
1343  0.0005
1344  0.0004
1345  0.0003
1346  0.0002
1347  0.0005
1348  0.0004
1349  0.0006
1350  0.0003
1351  0.0007
1352  0.0004
1353  0.0001
1354  0.0002
1355  0.0002
1356  0.0002
1357  0.0004
1358  0.0006
1359  0.0004
1360  0.0006
1361  0.0002
1362  0.0004
1363  0.0002
1364  0.0002
1365  0.0001
1366  0.0005
1367  0.0006
1368  0.0008
1369  0.0005
1370  0.0005
1371  0.0003
1372  0.0003
1373  0.0002
1374  0.0001
1375  0.0002
1376  0.0006
1377  0.0003
1378  0.0005
1379  0.0001
1380  0.0001
1381  0.0004
1382  0.0009
1383  0.0004
1384  0.0002
1385  0.0007
1386  0.0002
1387  0.0008
1388  0.0003
1389  0.0004
1390  0.0005
1391  0.0005
1392  0.0001
1393  0.0002
1394  0.0004
1395  0.0007
1396  0.0007
1397  0.0003
1398  0.0005
1399  0.0004
1400  0.0003
1401  0.0004
1402  0.0008
1403  0.0003
1404  0.0004
1405  0.0004
1407  0.0002
1408  0.0006
1409  0.0004
1410  0.0005
1411  0.0003
1412  0.0001
1413  0.0002
1414  0.0007
1415  0.0003
1416  0.0005
1417  0.0003
1418  0.0001
1419  0.0007
1420  0.0003
1421  0.0005
1422  0.0002
1423  0.0005
1424  0.0001
1425  0.0003
1426  0.001
1427  0.0003
1428  0.0003
1429  0.0012
1430  0.0002
1431  0.0002
1432  0.0006
1433  0.0004
1434  0.0002
1435  0.0005
1436  0.0007
1437  0.0007
1438  0.0005
1439  0.0007
1440  0.0002
1441  0.0004
1442  0.0005
1443  0.0005
1444  0.0002
1445  0.0003
1446  0.0005
1447  0.0005
1448  0.0002
1449  0.0002
1450  0.0004
1451  0.0002
1452  0.0003
1453  0.0004
1454  0.0001
1455  0.0003
1456  0.0004
1457  0.0003
1458  0.0001
1459  0.0003
1460  0.0006
1461  0.0006
1462  0.0004
1463  0.0003
1464  0.0004
1465  0.0003
1466  0.0001
1467  0.0005
1468  0.0003
1469  0.0004
1470  0.0002
1471  0.0009
1472  0.0002
1473  0.0001
1474  0.0002
1475  0.0003
1476  0.0008
1477  0.0005
1478  0.0001
1479  0.0002
1481  0.0005
1482  0.0001
1483  0.0003
1484  0.0006
1485  0.0003
1486  0.0007
1487  0.0002
1488  0.0005
1489  0.0001
1490  0.0002
1491  0.0003
1492  0.0006
1493  0.0004
1494  0.0007
1495  0.0003
1496  0.0004
1497  0.0004
1498  0.0001
1499  0.0002
1500  0.0005
1502  0.0001
1503  0.0006
1504  0.0001
1505  0.0004
1506  0.0004
1507  0.0006
1508  0.0002
1509  0.0003
1510  0.0004
1511  0.0003
1512  0.0004
1513  0.0004
1514  0.0004
1515  0.0007
1516  0.0004
1517  0.0002
1518  0.0002
1519  0.0006
1520  0.0001
1521  0.0005
1523  0.0003
1524  0.0002
1525  0.0003
1526  0.0003
1527  0.0005
1528  0.0006
1529  0.0001
1530  0.0003
1531  0.0004
1532  0.0005
1534  0.001
1535  0.0007
1536  0.0004
1537  0.0001
1538  0.0002
1539  0.0007
1540  0.001
1541  0.0004
1542  0.0003
1543  0.0007
1544  0.0004
1546  0.0008
1547  0.0002
1548  0.0002
1549  0.0001
1550  0.0006
1551  0.0003
1552  0.0004
1553  0.0004
1554  0.0004
1555  0.0005
1556  0.0001
1557  0.0002
1558  0.0004
1559  0.0002
1560  0.0003
1561  0.0002
1562  0.0001
1563  0.0004
1564  0.0001
1565  0.0002
1566  0.0002
1567  0.0002
1568  0.0004
1569  0.0004
1570  0.0007
1571  0.0006
1572  0.0004
1573  0.0003
1574  0.0006
1575  0.0002
1576  0.0001
1577  0.0002
1578  0.0003
1579  0.0004
1580  0.0002
1581  0.0005
1583  0.0007
1584  0.0002
1585  0.0003
1586  0.0004
1587  0.0002
1588  0.0001
1589  0.0004
1590  0.0004
1591  0.0005
1592  0.0002
1593  0.0001
1594  0.0005
1595  0.0002
1596  0.0001
1597  0.0003
1598  0.0005
1599  0.0002
1600  0.0003
1601  0.0004
1602  0.0003
1603  0.0002
1604  0.0005
1605  0.0006
1606  0.0005
1607  0.0002
1608  0.0003
1609  0.0004
1610  0.0005
1611  0.0001
1612  0.0002
1613  0.0005
1614  0.0003
1615  0.0003
1617  0.0002
1618  0.0003
1619  0.0004
1620  0.0001
1621  0.0003
1622  0.0002
1623  0.0002
1624  0.0006
1625  0.0004
1626  0.0004
1627  0.0004
1628  0.0001
1629  0.0001
1630  0.0004
1631  0.0005
1632  0.0002
1633  0.0002
1634  0.0002
1635  0.0003
1636  0.0005
1637  0.0003
1638  0.0006
1639  0.0003
1640  0.0003
1641  0.0003
1642  0.0004
1643  0.0004
1644  0.0004
1645  0.0003
1646  0.0001
1647  0.0003
1648  0.0004
1649  0.0004
1650  0.0005
1651  0.0004
1652  0.0002
1653  0.0005
1654  0.0006
1655  0.0003
1656  0.0002
1657  0.0001
1658  0.0005
1659  0.0002
1660  0.0002
1661  0.0002
1662  0.0004
1663  0.0006
1664  0.0003
1665  0.0002
1666  0.0003
1667  0.0001
1668  0.0004
1669  0.0003
1670  0.0005
1671  0.0002
1672  0.0002
1673  0.0003
1674  0.0009
1675  0.0005
1676  0.0006
1677  0.0004
1678  0.0002
1679  0.0005
1680  0.0003
1681  0.0004
1682  0.0006
1683  0.0006
1685  0.0003
1686  0.0003
1687  0.0003
1689  0.0002
1690  0.0003
1691  0.0001
1693  0.0005
1694  0.0001
1695  0.0003
1696  0.0002
1697  0.0002
1698  0.0003
1700  0.0006
1701  0.0003
1702  0.0004
1703  0.0003
1704  0.0002
1705  0.0006
1706  0.0005
1707  0.0005
1708  0.0002
1709  0.0003
1710  0.0004
1711  0.0005
1712  0.0002
1713  0.0003
1714  0.0005
1715  0.0001
1716  0.0002
1717  0.0004
1718  0.0005
1719  0.0001
1720  0.0002
1721  0.0003
1722  0.0002
1723  0.0005
1725  0.0005
1726  0.0004
1727  0.0004
1728  0.0005
1729  0.0002
1730  0.0003
1731  0.0006
1732  0.0002
1733  0.0002
1734  0.0001
1735  0.0003
1736  0.0004
1737  0.0003
1738  0.0005
1739  0.0002
1740  0.0006
1741  0.0003
1742  0.0005
1743  0.0006
1744  0.0001
1745  0.0001
1746  0.0003
1748  0.0008
1750  0.0002
1751  0.0003
1752  0.0004
1753  0.0004
1754  0.0004
1755  0.0002
1756  0.0002
1758  0.0002
1759  0.0006
1760  0.0003
1761  0.0006
1762  0.0002
1763  0.0003
1764  0.0006
1765  0.0006
1766  0.0002
1767  0.0005
1768  0.0002
1769  0.0004
1770  0.0002
1771  0.0003
1773  0.0003
1774  0.0004
1775  0.0003
1776  0.0004
1777  0.0001
1778  0.0002
1779  0.0004
1780  0.0004
1781  0.0001
1782  0.0007
1783  0.0002
1784  0.0001
1785  0.0003
1787  0.0003
1788  0.0001
1789  0.0002
1790  0.0002
1791  0.0003
1792  0.0005
1793  0.0002
1794  0.0005
1795  0.0007
1796  0.0002
1797  0.0005
1798  0.0002
1799  0.0004
1800  0.0001
1801  0.0007
1802  0.0005
1803  0.0002
1804  0.0008
1805  0.0008
1806  0.0001
1808  0.0003
1809  0.0004
1810  0.0002
1811  0.0001
1812  0.0001
1813  0.0003
1814  0.0007
1815  0.0001
1816  0.0006
1817  0.0002
1818  0.0002
1819  0.0005
1820  0.0001
1821  0.0003
1822  0.0002
1823  0.0003
1824  0.0003
1825  0.0004
1826  0.0001
1827  0.0004
1828  0.0003
1829  0.0003
1830  0.0002
1831  0.0005
1832  0.0003
1833  0.0004
1834  0.0006
1835  0.0002
1836  0.0001
1837  0.0001
1838  0.0004
1839  0.0003
1840  0.0003
1841  0.0003
1842  0.0001
1843  0.0002
1844  0.0001
1845  0.0003
1846  0.0005
1847  0.0001
1848  0.0001
1849  0.0002
1850  0.0003
1851  0.0005
1852  0.0002
1853  0.0004
1854  0.0003
1855  0.0002
1856  0.0003
1857  0.0001
1858  0.0003
1860  0.0002
1861  0.0001
1862  0.0004
1863  0.0007
1864  0.0002
1865  0.0004
1866  0.0003
1867  0.0001
1868  0.0005
1869  0.0004
1870  0.0006
1871  0.0001
1872  0.0005
1873  0.0001
1874  0.0002
1875  0.0004
1876  0.0003
1877  0.0007
1878  0.0001
1879  0.0002
1880  0.0003
1881  0.0003
1882  0.0003
1883  0.0001
1884  0.0002
1885  0.0004
1886  0.0005
1887  0.0004
1888  0.0003
1889  0.0003
1890  0.0003
1891  0.0002
1892  0.0001
1893  0.0002
1894  0.0003
1895  0.0003
1896  0.0002
1898  0.0001
1899  0.0001
1900  0.0003
1901  0.0003
1902  0.0004
1903  0.0003
1904  0.0002
1905  0.0003
1906  0.0001
1908  0.0004
1909  0.0003
1910  0.0002
1911  0.0002
1912  0.0004
1913  0.0004
1914  0.0001
1915  0.0003
1916  0.0004
1917  0.0004
1918  0.0003
1919  0.0005
1920  0.0002
1921  0.0003
1922  0.0008
1923  0.0003
1924  0.0004
1925  0.0005
1926  0.0001
1927  0.0001
1928  0.0005
1929  0.0003
1930  0.0002
1931  0.0002
1932  0.0003
1933  0.0001
1935  0.0003
1936  0.0002
1937  0.0003
1938  0.0001
1939  0.0001
1940  0.0001
1941  0.0005
1942  0.0001
1943  0.0001
1944  0.0001
1945  0.0002
1946  0.0004
1948  0.0003
1949  0.0002
1950  0.0001
1951  0.0004
1952  0.0002
1953  0.0004
1954  0.0001
1955  0.0001
1956  0.0001
1957  0.0001
1958  0.0005
1959  0.0001
1960  0.0005
1961  0.0002
1962  0.0004
1963  0.0004
1964  0.0001
1965  0.0005
1966  0.0003
1967  0.0003
1968  0.0004
1969  0.0001
1970  0.0002
1971  0.0003
1972  0.0003
1973  0.0007
1974  0.0002
1975  0.0001
1976  0.0005
1977  0.0003
1978  0.0001
1979  0.0001
1980  0.0003
1981  0.0004
1983  0.0001
1984  0.0001
1985  0.0002
1986  0.0002
1987  0.0002
1988  0.0004
1989  0.0001
1990  0.0003
1991  0.0007
1992  0.0001
1993  0.0003
1994  0.0002
1995  0.0006
1996  0.0003
1998  0.0002
1999  0.0002
2000  0.0001
2001  0.0005
2002  0.0004
2003  0.0004
2004  0.0001
2005  0.0002
2006  0.0001
2007  0.0003
2008  0.0005
2009  0.0002
2010  0.0002
2011  0.0002
2012  0.0005
2013  0.0003
2014  0.0001
2015  0.0005
2016  0.0003
2017  0.0004
2018  0.0004
2019  0.0001
2020  0.0004
2021  0.0002
2022  0.0003
2023  0.0003
2024  0.0003
2025  0.0002
2026  0.0001
2027  0.0003
2028  0.0002
2029  0.0002
2031  0.0001
2032  0.0002
2033  0.0003
2034  0.0002
2035  0.0005
2036  0.0001
2037  0.0004
2038  0.0004
2039  0.0004
2040  0.0001
2041  0.0003
2042  0.0003
2043  0.0001
2044  0.0004
2045  0.0004
2046  0.0004
2047  0.0006
2048  0.0002
2049  0.0004
2050  0.0002
2051  0.0003
2052  0.0003
2053  0.0004
2054  0.0002
2055  0.0004
2056  0.0002
2058  0.0005
2059  0.0003
2060  0.0003
2061  0.0003
2062  0.0003
2063  0.0005
2064  0.0004
2065  0.0001
2066  0.0002
2067  0.0004
2068  0.0001
2070  0.0003
2071  0.0005
2072  0.0004
2073  0.0003
2074  0.0003
2075  0.0002
2076  0.0002
2077  0.0002
2078  0.0002
2080  0.0002
2081  0.0003
2082  0.0005
2083  0.0002
2084  0.0001
2085  0.0001
2086  0.0004
2087  0.0001
2088  0.0003
2089  0.0006
2090  0.0002
2091  0.0001
2092  0.0002
2093  0.0004
2094  0.0001
2095  0.0002
2096  0.0007
2097  0.0002
2098  0.0003
2099  0.0002
2100  0.0002
2101  0.0001
2102  0.0002
2103  0.0001
2105  0.0002
2106  0.0006
2107  0.0002
2108  0.0003
2109  0.0004
2110  0.0002
2111  0.0003
2112  0.0002
2113  0.0003
2114  0.0003
2116  0.0004
2117  0.0002
2118  0.0003
2119  0.0005
2121  0.0007
2122  0.0003
2123  0.0006
2124  0.0002
2125  0.0001
2126  0.0002
2127  0.0007
2129  0.0006
2131  0.0007
2132  0.0001
2133  0.0004
2134  0.0001
2135  0.0004
2136  0.0002
2137  0.0004
2138  0.0003
2139  0.0003
2140  0.0002
2141  0.0002
2142  0.0001
2143  0.0002
2144  0.0001
2145  0.0005
2146  0.0004
2147  0.0003
2148  0.0001
2149  0.0005
2150  0.0003
2151  0.0002
2153  0.0001
2154  0.0004
2155  0.0009
2156  0.0005
2157  0.0003
2158  0.0004
2159  0.0001
2160  0.0002
2161  0.0002
2162  0.0001
2163  0.0003
2164  0.0003
2165  0.0002
2166  0.0005
2167  0.0003
2168  0.0005
2169  0.0005
2170  0.0003
2171  0.0001
2172  0.0004
2173  0.0007
2174  0.0003
2175  0.0001
2176  0.0002
2177  0.0001
2180  0.0004
2181  0.0001
2182  0.0004
2183  0.0002
2184  0.0005
2186  0.0002
2187  0.0001
2188  0.0005
2189  0.0005
2190  0.0003
2191  0.0001
2192  0.0001
2193  0.0001
2194  0.0002
2195  0.0002
2196  0.0003
2197  0.0002
2198  0.0006
2199  0.0003
2201  0.0005
2202  0.0002
2203  0.0003
2204  0.0001
2205  0.0001
2206  0.0005
2207  0.0004
2208  0.0004
2209  0.0002
2210  0.0002
2211  0.0002
2212  0.0002
2213  0.0003
2214  0.0003
2215  0.0002
2217  0.0004
2218  0.0002
2219  0.0002
2220  0.0004
2221  0.0004
2222  0.0005
2223  0.0002
2224  0.0003
2225  0.0003
2227  0.0002
2228  0.0003
2229  0.0003
2230  0.0002
2231  0.0003
2232  0.0003
2233  0.0001
2234  0.0001
2235  0.0001
2236  0.0003
2237  0.0002
2239  0.0004
2240  0.0001
2241  0.0001
2242  0.0006
2243  0.0005
2244  0.0004
2245  0.0001
2246  0.0001
2247  0.0002
2248  0.0001
2249  0.0002
2250  0.0004
2251  0.0003
2252  0.0003
2254  0.0003
2255  0.0002
2256  0.0004
2257  0.0002
2258  0.0002
2259  0.0004
2260  0.0005
2261  0.0001
2262  0.0003
2263  0.0002
2265  0.0005
2266  0.0003
2267  0.0001
2268  0.0003
2269  0.0002
2270  0.0001
2271  0.0003
2272  0.0002
2273  0.0003
2274  0.0005
2275  0.0005
2276  0.0001
2277  0.0002
2278  0.0004
2279  0.0004
2280  0.0001
2281  0.0004
2282  0.0003
2283  0.0001
2284  0.0003
2285  0.0003
2286  0.0002
2287  0.0003
2289  0.0002
2290  0.0005
2291  0.0003
2292  0.0002
2293  0.0003
2294  0.0005
2295  0.0003
2296  0.0005
2297  0.0003
2298  0.0002
2299  0.0002
2300  0.0003
2301  0.0005
2302  0.0003
2303  0.0002
2304  0.0007
2305  0.0004
2306  0.0007
2307  0.0006
2308  0.0002
2309  0.0002
2311  0.0004
2312  0.0001
2313  0.0002
2314  0.0001
2315  0.0002
2316  0.0001
2317  0.0002
2318  0.0003
2319  0.0002
2320  0.0002
2322  0.0001
2323  0.0005
2324  0.0001
2325  0.0001
2326  0.0004
2327  0.0004
2328  0.0001
2329  0.0002
2330  0.0002
2331  0.0002
2332  0.0001
2333  0.0003
2334  0.0003
2335  0.0003
2336  0.0004
2337  0.0004
2338  0.0003
2339  0.0004
2340  0.0002
2341  0.0001
2342  0.0001
2343  0.0003
2344  0.0005
2345  0.0003
2346  0.0005
2347  0.0002
2348  0.0003
2349  0.0005
2350  0.0004
2351  0.0004
2352  0.0003
2353  0.0001
2354  0.0004
2355  0.0006
2356  0.0002
2357  0.0001
2358  0.0001
2359  0.0001
2360  0.0001
2362  0.0002
2363  0.0007
2364  0.0005
2365  0.0002
2366  0.0002
2367  0.0002
2368  0.0001
2369  0.0001
2370  0.0001
2371  0.0004
2372  0.0003
2373  0.0002
2374  0.0002
2375  0.0002
2376  0.0007
2378  0.0003
2379  0.0002
2380  0.0003
2381  0.0003
2382  0.0001
2383  0.0003
2384  0.0002
2385  0.0003
2386  0.0004
2387  0.0003
2388  0.0004
2389  0.0002
2390  0.0002
2391  0.0002
2392  0.0001
2393  0.0001
2394  0.0002
2395  0.0001
2397  0.0002
2398  0.0002
2399  0.0005
2400  0.0002
2401  0.0001
2402  0.0001
2403  0.0004
2404  0.0004
2405  0.0011
2406  0.0001
2407  0.0001
2408  0.0002
2409  0.0004
2411  0.0003
2413  0.0002
2414  0.0002
2415  0.0003
2417  0.0005
2418  0.0003
2419  0.0003
2420  0.0006
2421  0.0001
2422  0.0006
2423  0.0003
2424  0.0002
2425  0.0001
2426  0.0003
2427  0.0004
2428  0.0005
2429  0.0001
2430  0.0002
2431  0.0005
2432  0.0003
2434  0.0002
2435  0.0002
2436  0.0002
2437  0.0003
2439  0.0002
2440  0.0001
2441  0.0001
2442  0.0002
2443  0.0003
2444  0.0004
2445  0.0002
2446  0.0003
2447  0.0001
2448  0.0001
2450  0.0002
2451  0.0002
2452  0.0001
2453  0.0003
2454  0.0005
2455  0.0005
2456  0.0003
2457  0.0002
2458  0.0003
2459  0.0001
2460  0.0004
2461  0.0005
2462  0.0002
2463  0.0001
2464  0.0001
2465  0.0001
2466  0.0002
2467  0.0003
2468  0.0002
2469  0.0004
2470  0.0002
2471  0.0002
2472  0.0001
2473  0.0004
2474  0.0001
2475  0.0001
2476  0.0002
2477  0.0003
2478  0.0005
2479  0.0002
2480  0.0004
2481  0.0003
2482  0.0002
2483  0.0002
2484  0.0003
2485  0.0005
2486  0.0001
2487  0.0003
2489  0.0001
2491  0.0004
2492  0.0001
2493  0.0003
2494  0.0003
2495  0.0002
2496  0.0001
2497  0.0002
2498  0.0001
2499  0.0005
2500  0.0002
2501  0.0004
2502  0.0002
2503  0.0003
2504  0.0003
2505  0.0001
2506  0.0003
2507  0.0003
2508  0.0002
2509  0.0004
2511  0.0002
2512  0.0004
2513  0.0005
2514  0.0002
2515  0.0002
2517  0.0004
2518  0.0003
2519  0.0002
2520  0.0001
2522  0.0003
2523  0.0003
2524  0.0002
2525  0.0005
2526  0.0002
2527  0.0001
2528  0.0004
2529  0.0004
2530  0.0001
2531  0.0004
2532  0.0002
2533  0.0004
2534  0.0001
2535  0.0003
2536  0.0001
2537  0.0001
2538  0.0002
2539  0.0002
2540  0.0004
2541  0.0001
2542  0.0004
2543  0.0001
2544  0.0002
2545  0.0005
2546  0.0001
2548  0.0003
2549  0.0002
2550  0.0001
2551  0.0003
2553  0.0002
2554  0.0002
2555  0.0002
2556  0.0003
2557  0.0005
2558  0.0003
2559  0.0005
2560  0.0003
2562  0.0002
2563  0.0001
2564  0.0001
2565  0.0002
2566  0.0004
2567  0.0003
2568  0.0006
2569  0.0004
2570  0.0004
2571  0.0004
2572  0.0003
2573  0.0001
2574  0.0003
2575  0.0003
2576  0.0002
2577  0.0003
2578  0.0002
2579  0.0002
2580  0.0002
2581  0.0005
2582  0.0002
2583  0.0003
2584  0.0002
2585  0.0002
2587  0.0002
2588  0.0005
2589  0.0006
2590  0.0001
2592  0.0001
2593  0.0004
2594  0.0002
2596  0.0002
2597  0.0001
2598  0.0004
2599  0.0001
2600  0.0005
2601  0.0001
2602  0.0003
2603  0.0004
2604  0.0001
2605  0.0004
2606  0.0003
2607  0.0002
2608  0.0001
2609  0.0001
2610  0.0004
2611  0.0003
2612  0.0005
2613  0.0005
2614  0.0001
2615  0.0003
2616  0.0002
2617  0.0001
2618  0.0006
2619  0.0004
2620  0.0001
2621  0.0008
2622  0.0001
2623  0.0001
2624  0.0003
2625  0.0002
2626  0.0001
2627  0.0003
2628  0.0005
2629  0.0003
2630  0.0001
2631  0.0002
2632  0.0004
2633  0.0002
2634  0.0005
2635  0.0002
2636  0.0002
2637  0.0004
2638  0.0002
2639  0.0002
2641  0.0002
2642  0.0002
2643  0.0002
2644  0.0002
2645  0.0004
2646  0.0001
2647  0.0004
2648  0.0003
2650  0.0001
2651  0.0002
2652  0.0002
2653  0.0005
2654  0.0004
2655  0.0003
2657  0.0002
2658  0.0003
2659  0.0004
2660  0.0002
2661  0.0004
2662  0.0002
2663  0.0001
2665  0.0004
2666  0.0004
2667  0.0001
2668  0.0002
2669  0.0003
2670  0.0003
2671  0.0002
2672  0.0003
2673  0.0002
2674  0.0006
2675  0.0001
2676  0.0003
2677  0.0001
2678  0.0004
2679  0.0002
2680  0.0005
2681  0.0001
2682  0.0001
2683  0.0002
2684  0.0003
2685  0.0003
2686  0.0002
2687  0.0005
2688  0.0002
2689  0.0002
2690  0.0002
2691  0.0001
2692  0.0002
2693  0.0003
2694  0.0002
2695  0.0003
2696  0.0003
2697  0.0001
2698  0.0005
2699  0.0002
2701  0.0002
2702  0.0006
2704  0.0003
2705  0.0002
2706  0.0008
2707  0.0005
2708  0.0003
2709  0.0004
2710  0.0004
2712  0.0004
2713  0.0002
2715  0.0002
2716  0.0005
2717  0.0001
2718  0.0003
2719  0.0004
2720  0.0004
2721  0.0003
2724  0.0003
2725  0.0005
2726  0.0001
2727  0.0002
2728  0.0002
2729  0.0001
2731  0.0007
2732  0.0004
2734  0.0003
2735  0.0004
2736  0.0004
2738  0.0004
2739  0.0005
2740  0.0001
2741  0.0002
2742  0.0004
2743  0.0004
2744  0.0005
2745  0.0001
2746  0.0002
2747  0.0003
2748  0.0003
2749  0.0003
2752  0.0004
2753  0.0002
2754  0.0002
2755  0.0003
2756  0.0005
2757  0.0002
2758  0.0002
2759  0.0002
2761  0.0001
2762  0.0003
2763  0.0005
2764  0.0001
2766  0.0003
2767  0.0002
2768  0.0004
2769  0.0002
2770  0.0005
2771  0.0001
2772  0.0002
2773  0.0003
2774  0.0003
2775  0.0001
2776  0.0003
2777  0.0003
2778  0.0003
2779  0.0001
2780  0.0006
2781  0.0003
2782  0.0003
2783  0.0004
2784  0.0002
2785  0.0001
2786  0.0002
2787  0.0003
2788  0.0005
2789  0.0004
2790  0.0003
2791  0.0001
2792  0.0002
2793  0.0002
2794  0.0003
2795  0.0001
2796  0.0001
2797  0.0001
2798  0.0002
2799  0.0004
2800  0.0002
2801  0.0002
2802  0.0002
2803  0.0004
2804  0.0004
2805  0.0004
2807  0.0001
2808  0.0003
2809  0.0001
2810  0.0003
2812  0.0001
2814  0.0002
2815  0.0001
2816  0.0006
2817  0.0002
2818  0.0006
2819  0.0003
2820  0.0002
2822  0.0005
2823  0.0004
2824  0.0002
2825  0.0001
2826  0.0002
2827  0.0007
2828  0.0004
2829  0.0005
2831  0.0004
2832  0.0004
2833  0.0004
2834  0.0004
2835  0.0002
2836  0.0003
2837  0.0001
2838  0.0002
2840  0.0003
2841  0.0002
2842  0.0003
2843  0.0001
2845  0.0005
2846  0.0002
2847  0.0005
2848  0.0004
2849  0.0006
2851  0.0004
2852  0.0002
2854  0.0004
2855  0.0003
2856  0.0004
2857  0.0002
2858  0.0004
2859  0.0003
2860  0.0001
2861  0.0005
2862  0.0001
2863  0.0005
2864  0.0004
2865  0.0001
2866  0.0001
2867  0.0002
2868  0.0001
2869  0.0001
2870  0.0003
2871  0.0003
2872  0.0004
2873  0.0005
2874  0.0003
2876  0.0002
2877  0.0005
2878  0.0002
2879  0.0003
2880  0.0004
2881  0.0003
2882  0.0002
2883  0.0003
2884  0.0003
2885  0.0002
2886  0.0001
2887  0.0002
2888  0.0005
2889  0.0003
2890  0.0003
2891  0.0002
2892  0.0003
2894  0.0003
2896  0.0006
2897  0.0002
2898  0.0005
2899  0.0005
2900  0.0004
2901  0.0002
2902  0.0002
2903  0.0002
2905  0.0003
2906  0.0005
2907  0.0002
2909  0.0006
2910  0.0001
2911  0.0001
2912  0.0003
2913  0.0002
2915  0.0002
2916  0.0003
2917  0.0001
2918  0.0004
2919  0.0002
2920  0.0003
2921  0.0003
2923  0.0003
2924  0.0004
2925  0.0003
2926  0.0005
2927  0.0002
2928  0.0004
2929  0.0001
2930  0.0001
2931  0.0003
2932  0.0004
2933  0.0003
2934  0.0001
2935  0.0007
2936  0.0002
2937  0.0004
2938  0.0001
2939  0.0004
2940  0.0001
2941  0.0002
2942  0.0003
2943  0.0003
2944  0.0002
2945  0.0002
2946  0.0003
2947  0.0003
2948  0.0005
2949  0.0002
2950  0.0002
2951  0.0003
2952  0.0003
2953  0.0002
2954  0.0001
2955  0.0005
2956  0.0004
2957  0.0005
2958  0.0004
2959  0.0005
2961  0.0003
2962  0.0003
2963  0.0004
2964  0.0005
2965  0.0003
2966  0.0005
2967  0.0005
2968  0.0004
2969  0.0001
2970  0.0002
2971  0.0003
2972  0.0001
2973  0.0003
2974  0.0003
2975  0.0005
2976  0.0003
2977  0.0004
2978  0.0003
2979  0.0005
2980  0.0001
2981  0.0003
2982  0.0002
2983  0.0004
2984  0.0003
2985  0.0001
2986  0.0003
2987  0.0002
2988  0.0001
2989  0.0006
2990  0.0003
2991  0.0002
2992  0.0004
2993  0.0001
2994  0.0002
2995  0.0003
2996  0.0006
2997  0.0002
2998  0.0004
2999  0.0005
3000  0.0002
3001  0.0005
3002  0.0003
3003  0.0004
3004  0.0002
3005  0.0006
3006  0.0003
3007  0.0004
3008  0.0002
3009  0.0004
3010  0.0004
3011  0.0001
3012  0.0001
3013  0.0004
3014  0.0003
3015  0.0004
3016  0.0009
3017  0.0002
3018  0.0003
3019  0.0007
3020  0.0002
3021  0.0001
3022  0.0003
3023  0.0002
3025  0.0002
3026  0.0001
3027  0.0006
3028  0.0002
3029  0.0001
3030  0.0003
3031  0.0007
3032  0.0003
3033  0.0001
3034  0.0001
3035  0.0002
3036  0.0004
3037  0.0001
3038  0.0007
3039  0.0003
3040  0.0002
3041  0.0002
3042  0.0005
3043  0.0002
3044  0.0002
3045  0.0002
3046  0.0004
3047  0.0001
3048  0.0001
3049  0.0002
3050  0.0001
3051  0.0001
3052  0.0006
3053  0.0001
3054  0.0004
3055  0.0003
3056  0.0002
3057  0.0001
3058  0.0002
3059  0.0001
3060  0.0002
3061  0.0002
3062  0.0005
3063  0.0002
3064  0.0004
3065  0.0001
3066  0.0002
3067  0.0003
3068  0.0002
3069  0.0002
3070  0.0001
3071  0.0004
3072  0.0004
3073  0.0004
3074  0.0002
3075  0.0002
3076  0.0002
3077  0.0003
3079  0.0004
3080  0.0002
3081  0.0006
3082  0.0005
3083  0.0004
3084  0.0004
3085  0.0001
3086  0.0005
3087  0.0006
3088  0.0004
3090  0.0002
3091  0.0004
3092  0.0003
3093  0.0003
3094  0.0001
3095  0.0001
3096  0.0003
3097  0.0001
3098  0.0002
3099  0.0006
3100  0.0002
3101  0.0006
3102  0.0001
3103  0.0004
3104  0.0003
3105  0.0001
3106  0.0002
3107  0.0006
3108  0.0001
3109  0.0003
3110  0.0002
3111  0.0004
3112  0.0003
3113  0.0005
3114  0.0002
3115  0.0004
3117  0.0002
3118  0.0003
3119  0.0001
3120  0.0003
3121  0.0001
3123  0.0004
3124  0.0002
3125  0.0005
3126  0.0002
3127  0.0002
3128  0.0005
3129  0.0002
3130  0.0006
3131  0.0006
3132  0.0001
3133  0.0002
3134  0.0002
3135  0.0003
3136  0.0002
3137  0.0007
3138  0.0005
3139  0.0003
3140  0.0004
3141  0.0003
3142  0.0005
3143  0.0006
3144  0.0001
3145  0.0005
3147  0.0002
3148  0.0005
3149  0.0002
3150  0.0002
3151  0.0003
3152  0.0002
3154  0.0002
3155  0.0003
3156  0.0001
3157  0.0003
3158  0.0001
3159  0.0001
3160  0.0004
3161  0.0001
3162  0.0003
3163  0.0001
3164  0.0002
3165  0.0003
3166  0.0003
3167  0.0004
3168  0.0004
3169  0.0001
3170  0.0003
3171  0.0003
3172  0.0001
3174  0.0003
3175  0.0004
3176  0.0003
3177  0.0002
3178  0.0005
3179  0.0004
3180  0.0002
3181  0.0004
3182  0.0003
3183  0.0003
3184  0.0004
3185  0.0003
3186  0.0002
3187  0.0003
3188  0.0003
3189  0.0003
3190  0.0006
3191  0.0002
3192  0.0002
3193  0.0002
3194  0.001
3195  0.0004
3196  0.0002
3197  0.0005
3198  0.0002
3199  0.0006
3200  0.0003
3201  0.0001
3202  0.0002
3203  0.0004
3204  0.0005
3205  0.0005
3206  0.0005
3207  0.0002
3208  0.0005
3209  0.0002
3210  0.0003
3211  0.0006
3212  0.0002
3213  0.0002
3214  0.0003
3215  0.0002
3216  0.0002
3217  0.0002
3219  0.0002
3220  0.0002
3221  0.0004
3222  0.0003
3223  0.0002
3224  0.0005
3225  0.0001
3226  0.0001
3227  0.0003
3228  0.0002
3229  0.0005
3230  0.0006
3231  0.0001
3232  0.0001
3233  0.0001
3234  0.0001
3235  0.0002
3236  0.0002
3237  0.0001
3238  0.0004
3239  0.0004
3240  0.0003
3241  0.0003
3242  0.0003
3243  0.0002
3245  0.0003
3246  0.0002
3247  0.0006
3248  0.0002
3249  0.0006
3250  0.0004
3251  0.0007
3252  0.0005
3253  0.0003
3254  0.0003
3255  0.0005
3256  0.0007
3257  0.0003
3258  0.0005
3259  0.0004
3260  0.0005
3261  0.0005
3262  0.0003
3263  0.0004
3264  0.0006
3265  0.0008
3266  0.0003
3267  0.0004
3268  0.0003
3269  0.0004
3270  0.0002
3271  0.0001
3272  0.0004
3273  0.0003
3274  0.0001
3275  0.0003
3276  0.0003
3277  0.0004
3278  0.0002
3279  0.0005
3281  0.0001
3282  0.0005
3284  0.0004
3285  0.0005
3286  0.0004
3287  0.0003
3288  0.0005
3289  0.0004
3290  0.0003
3291  0.0002
3292  0.0005
3293  0.0001
3294  0.0001
3295  0.0003
3296  0.0001
3297  0.0001
3298  0.0004
3299  0.0002
3300  0.0001
3302  0.0005
3303  0.0004
3304  0.0003
3305  0.0001
3306  0.0003
3307  0.0001
3308  0.0002
3309  0.0003
3310  0.0002
3311  0.0001
3312  0.0004
3313  0.0004
3314  0.0003
3315  0.0006
3316  0.0003
3317  0.0005
3318  0.0004
3319  0.0004
3320  0.0003
3322  0.0002
3323  0.0003
3324  0.0004
3325  0.0006
3326  0.0002
3327  0.0001
3328  0.0004
3329  0.0004
3330  0.0001
3331  0.0004
3332  0.0003
3333  0.0002
3334  0.0003
3335  0.0002
3336  0.0001
3337  0.0001
3338  0.0002
3339  0.0004
3340  0.0002
3341  0.0002
3342  0.0002
3343  0.0003
3344  0.0005
3345  0.0005
3347  0.0005
3348  0.0003
3349  0.0001
3350  0.0003
3351  0.0002
3352  0.0004
3353  0.0002
3354  0.0002
3355  0.0004
3356  0.0003
3357  0.0004
3358  0.0004
3359  0.0004
3360  0.0004
3361  0.0002
3362  0.0003
3363  0.0002
3364  0.0002
3365  0.0005
3366  0.0004
3367  0.0002
3368  0.0001
3369  0.0002
3370  0.0003
3371  0.0002
3372  0.0001
3373  0.0001
3374  0.0001
3375  0.0001
3376  0.0004
3377  0.0004
3378  0.0003
3379  0.0001
3380  0.0002
3381  0.0002
3382  0.0004
3384  0.0004
3385  0.0002
3386  0.0002
3387  0.0002
3388  0.0004
3389  0.0001
3390  0.0004
3391  0.0003
3392  0.0001
3393  0.0001
3394  0.0002
3395  0.0007
3396  0.0002
3397  0.0001
3398  0.0001
3399  0.0003
3400  0.0006
3401  0.0003
3402  0.0003
3403  0.0002
3404  0.0003
3405  0.0002
3406  0.0003
3407  0.0003
3408  0.0005
3409  0.0003
3410  0.0003
3411  0.0003
3412  0.0003
3413  0.0001
3414  0.0004
3415  0.0004
3417  0.0003
3418  0.0002
3419  0.0001
3420  0.0004
3421  0.0005
3422  0.0005
3423  0.0005
3424  0.0002
3425  0.0002
3427  0.0002
3428  0.0001
3429  0.0004
3430  0.0002
3431  0.0001
3432  0.0005
3433  0.0002
3434  0.0003
3435  0.0002
3436  0.0001
3437  0.0005
3438  0.0005
3440  0.0004
3441  0.0003
3442  0.0003
3443  0.0008
3444  0.0001
3445  0.0004
3446  0.0007
3447  0.0005
3448  0.0001
3449  0.0001
3450  0.0004
3451  0.0003
3452  0.0002
3453  0.0004
3454  0.0004
3455  0.0003
3456  0.0004
3458  0.0002
3459  0.0003
3460  0.0005
3461  0.0002
3462  0.0001
3463  0.0004
3465  0.0003
3466  0.0002
3467  0.0003
3468  0.0003
3469  0.0003
3470  0.0001
3471  0.0003
3472  0.0001
3473  0.0002
3474  0.0003
3475  0.0005
3476  0.0003
3477  0.0003
3478  0.0006
3479  0.0007
3480  0.0002
3481  0.0004
3482  0.0005
3483  0.0002
3484  0.0002
3485  0.0004
3486  0.0009
3487  0.0003
3488  0.0005
3489  0.0002
3490  0.0005
3491  0.0004
3492  0.0004
3493  0.0002
3494  0.0003
3495  0.0003
3496  0.0003
3497  0.0004
3498  0.0003
3499  0.0004
3500  0.0002
3501  0.0003
3502  0.0004
3503  0.0002
3504  0.0002
3506  0.0003
3507  0.0008
3508  0.0002
3509  0.0004
3510  0.0001
3512  0.0003
3513  0.0006
3514  0.0005
3515  0.0003
3516  0.0005
3517  0.0002
3518  0.0001
3519  0.0005
3520  0.0003
3521  0.0002
3522  0.0005
3523  0.0003
3524  0.0006
3525  0.0001
3527  0.0002
3528  0.0003
3529  0.0002
3530  0.0004
3531  0.0005
3532  0.0005
3533  0.0006
3534  0.0003
3535  0.0005
3537  0.0007
3538  0.0005
3539  0.0001
3540  0.0005
3541  0.0003
3542  0.0002
3543  0.0002
3544  0.0006
3545  0.0002
3546  0.0003
3547  0.0002
3548  0.0003
3549  0.0002
3550  0.0002
3551  0.0007
3552  0.0001
3553  0.0003
3554  0.0004
3555  0.0003
3556  0.0003
3557  0.0004
3558  0.0003
3559  0.0003
3560  0.0004
3561  0.0007
3562  0.0005
3563  0.0005
3564  0.0003
3565  0.0003
3566  0.0003
3567  0.0004
3568  0.0008
3569  0.0004
3570  0.0004
3571  0.0001
3572  0.0003
3573  0.0003
3574  0.0005
3575  0.0006
3576  0.0002
3577  0.0002
3578  0.0004
3579  0.0003
3580  0.0005
3581  0.0003
3582  0.0001
3583  0.0004
3584  0.0006
3585  0.0002
3587  0.0004
3588  0.0003
3589  0.0005
3590  0.0002
3591  0.0001
3592  0.0001
3593  0.0001
3594  0.0001
3596  0.0002
3597  0.0004
3598  0.0001
3599  0.0005
3600  0.0006
3601  0.0003
3602  0.0002
3603  0.0002
3604  0.0001
3605  0.0004
3606  0.0002
3607  0.0002
3608  0.0007
3609  0.0004
3610  0.0002
3611  0.0003
3612  0.0005
3613  0.0001
3614  0.0003
3615  0.0008
3616  0.0002
3617  0.0002
3618  0.0007
3619  0.0002
3620  0.0003
3621  0.0001
3622  0.0001
3623  0.0001
3624  0.0004
3626  0.0004
3627  0.0004
3628  0.0001
3629  0.0006
3630  0.0004
3632  0.0002
3633  0.0004
3634  0.0001
3636  0.0001
3637  0.0004
3638  0.0005
3639  0.0004
3640  0.0004
3641  0.0005
3642  0.0003
3643  0.0002
3644  0.0002
3645  0.0005
3646  0.0006
3647  0.0002
3648  0.0007
3649  0.0006
3650  0.0004
3651  0.0002
3652  0.0005
3653  0.0001
3654  0.0004
3655  0.0008
3656  0.0006
3657  0.0001
3658  0.0002
3659  0.0002
3660  0.0005
3661  0.0005
3662  0.0003
3663  0.0001
3664  0.0001
3665  0.0002
3666  0.0003
3667  0.0007
3668  0.0006
3669  0.0001
3670  0.0003
3671  0.0003
3672  0.0005
3673  0.0003
3674  0.0005
3675  0.0006
3676  0.0002
3677  0.0002
3678  0.0004
3679  0.0005
3680  0.0003
3681  0.0002
3682  0.0004
3683  0.0004
3684  0.0008
3685  0.0003
3686  0.0003
3687  0.0003
3688  0.0005
3689  0.0003
3690  0.0003
3691  0.0003
3692  0.0004
3693  0.0002
3694  0.0005
3695  0.0003
3696  0.0004
3697  0.0002
3698  0.0004
3699  0.0002
3700  0.0005
3701  0.0005
3702  0.0002
3703  0.0005
3704  0.0003
3705  0.0007
3706  0.0002
3707  0.0004
3708  0.0003
3709  0.0003
3710  0.0004
3711  0.0003
3712  0.0001
3713  0.0005
3714  0.0001
3715  0.0002
3716  0.0004
3717  0.0005
3718  0.0002
3719  0.0005
3720  0.0003
3721  0.0003
3722  0.0002
3723  0.0004
3724  0.0001
3725  0.0002
3726  0.0006
3727  0.0004
3728  0.0006
3729  0.0004
3730  0.0002
3731  0.0006
3732  0.0001
3733  0.0002
3734  0.0002
3735  0.0003
3736  0.0004
3737  0.0007
3738  0.0001
3739  0.0002
3740  0.0002
3741  0.0002
3742  0.0003
3743  0.0003
3744  0.0004
3745  0.0003
3746  0.0004
3747  0.0002
3748  0.0003
3749  0.0003
3750  0.0003
3751  0.0003
3752  0.0002
3753  0.0002
3754  0.0003
3755  0.0002
3756  0.0002
3757  0.0004
3758  0.0001
3759  0.0003
3760  0.0003
3761  0.0002
3762  0.0003
3763  0.0004
3764  0.0006
3765  0.0006
3766  0.0005
3767  0.0007
3768  0.0004
3769  0.0008
3770  0.0009
3771  0.0006
3772  0.0002
3773  0.0007
3774  0.0003
3775  0.0005
3777  0.0002
3778  0.0004
3779  0.0008
3780  0.0004
3781  0.0005
3782  0.0005
3783  0.0004
3784  0.0003
3785  0.0003
3786  0.0002
3787  0.0002
3788  0.0004
3789  0.0006
3790  0.0004
3791  0.0003
3792  0.0002
3793  0.0003
3794  0.0006
3795  0.0003
3796  0.001
3797  0.0002
3798  0.0002
3799  0.0003
3800  0.0003
3801  0.0006
3802  0.0005
3803  0.0002
3804  0.0004
3805  0.0002
3806  0.0006
3807  0.0008
3808  0.0005
3809  0.0008
3810  0.0002
3811  0.0003
3812  0.0003
3813  0.0004
3814  0.0006
3815  0.0001
3816  0.0001
3818  0.0007
3819  0.0005
3820  0.0006
3823  0.0003
3824  0.0004
3825  0.0003
3826  0.0005
3827  0.0001
3828  0.0004
3829  0.0007
3830  0.0006
3831  0.0006
3832  0.0003
3833  0.0002
3834  0.0006
3835  0.0001
3836  0.0005
3837  0.0005
3838  0.0007
3839  0.0001
3840  0.0005
3841  0.0006
3842  0.0003
3843  0.0002
3844  0.0008
3845  0.0004
3846  0.0003
3847  0.0002
3848  0.0005
3849  0.0002
3850  0.0004
3851  0.0005
3853  0.0002
3854  0.0004
3855  0.0001
3856  0.0002
3857  0.0003
3859  0.0004
3860  0.0001
3861  0.0003
3862  0.0003
3863  0.0001
3864  0.0003
3865  0.0005
3866  0.0002
3867  0.0001
3868  0.0001
3869  0.0002
3870  0.0005
3871  0.0002
3872  0.0004
3873  0.0003
3874  0.0005
3875  0.0001
3876  0.0005
3877  0.0005
3878  0.0003
3879  0.0006
3880  0.0005
3881  0.0001
3882  0.0002
3883  0.0003
3884  0.0003
3885  0.0002
3886  0.0002
3887  0.0002
3888  0.0004
3889  0.0004
3890  0.0004
3891  0.0002
3892  0.0002
3893  0.0001
3894  0.0002
3895  0.0004
3896  0.0004
3897  0.0003
3898  0.0002
3900  0.0006
3901  0.0004
3902  0.0002
3903  0.0001
3904  0.0004
3905  0.0003
3906  0.0005
3907  0.0005
3908  0.0002
3909  0.0003
3910  0.0004
3911  0.0003
3912  0.0004
3913  0.0001
3914  0.0006
3915  0.0004
3916  0.0002
3917  0.0005
3918  0.0006
3919  0.0001
3920  0.0001
3921  0.0004
3922  0.0005
3923  0.0002
3924  0.0004
3925  0.0003
3926  0.0006
3927  0.0002
3928  0.0001
3929  0.0003
3930  0.0004
3931  0.0005
3932  0.0001
3933  0.0003
3934  0.0003
3935  0.0006
3936  0.0004
3937  0.0004
3938  0.0003
3939  0.0002
3940  0.0005
3941  0.0004
3942  0.0007
3943  0.0003
3944  0.0004
3945  0.0002
3946  0.0004
3947  0.0004
3948  0.0004
3949  0.0005
3950  0.0006
3951  0.0005
3952  0.0007
3953  0.0004
3954  0.0002
3955  0.0003
3956  0.0002
3957  0.0003
3958  0.0002
3959  0.0005
3960  0.0004
3961  0.0002
3962  0.0005
3964  0.0004
3966  0.0003
3967  0.0001
3968  0.0004
3969  0.0006
3970  0.0006
3971  0.0005
3972  0.0005
3973  0.0001
3974  0.0003
3975  0.0001
3976  0.0002
3977  0.0003
3978  0.0001
3979  0.0004
3980  0.0002
3981  0.0003
3982  0.0001
3983  0.0004
3984  0.0004
3985  0.0001
3986  0.0003
3987  0.0004
3988  0.0003
3989  0.0008
3991  0.0007
3992  0.0003
3993  0.0001
3994  0.0007
3995  0.0004
3996  0.0003
3997  0.0009
3998  0.0003
3999  0.0008
4000  0.0003
4001  0.0002
4002  0.0003
4003  0.0004
4004  0.0004
4005  0.0002
4006  0.0001
4007  0.0005
4008  0.0005
4009  0.0003
4010  0.0003
4011  0.0003
4012  0.0002
4013  0.0005
4014  0.0004
4015  0.0003
4016  0.0005
4017  0.0007
4018  0.0001
4019  0.0001
4020  0.0001
4021  0.0006
4022  0.0004
4023  0.0001
4024  0.0006
4025  0.0005
4026  0.0002
4027  0.0004
4028  0.0001
4029  0.0004
4030  0.0003
4031  0.0004
4032  0.0004
4033  0.0004
4034  0.0003
4035  0.0003
4036  0.0002
4037  0.0008
4038  0.0005
4039  0.0006
4040  0.0003
4041  0.0001
4042  0.0002
4043  0.0003
4044  0.0004
4045  0.0004
4046  0.0006
4048  0.0003
4049  0.0004
4050  0.0004
4051  0.0005
4052  0.0004
4053  0.0002
4054  0.0005
4055  0.0004
4056  0.0002
4057  0.0002
4058  0.0002
4059  0.0001
4060  0.0001
4061  0.0004
4062  0.0004
4063  0.0004
4064  0.0001
4065  0.0003
4066  0.0004
4067  0.0005
4068  0.0006
4069  0.0004
4070  0.0005
4071  0.0002
4072  0.0004
4073  0.0002
4074  0.0005
4075  0.0002
4076  0.0007
4077  0.0003
4078  0.0006
4079  0.0004
4080  0.0006
4081  0.0005
4082  0.0003
4083  0.0006
4084  0.0005
4085  0.0006
4086  0.0002
4087  0.0001
4088  0.0001
4089  0.0007
4090  0.0003
4091  0.0005
4092  0.0005
4093  0.0004
4094  0.0003
4095  0.0002
4096  0.0004
4097  0.0003
4098  0.0003
4099  0.0002
4100  0.0001
4101  0.0003
4102  0.0005
4103  0.0003
4104  0.0005
4105  0.0004
4106  0.0007
4107  0.0006
4109  0.0006
4110  0.0003
4111  0.0003
4112  0.0003
4113  0.0007
4114  0.0004
4115  0.0002
4116  0.0004
4117  0.0002
4118  0.0004
4119  0.0006
4120  0.0002
4121  0.0003
4122  0.0002
4123  0.0004
4124  0.0004
4125  0.0006
4126  0.0003
4127  0.0003
4128  0.0003
4129  0.0005
4130  0.0004
4131  0.0003
4132  0.0005
4133  0.0005
4134  0.0003
4135  0.0005
4136  0.0002
4137  0.0005
4138  0.0006
4139  0.0006
4140  0.0004
4141  0.0003
4142  0.0003
4143  0.0003
4144  0.0004
4145  0.0003
4146  0.0003
4147  0.0001
4148  0.0004
4149  0.0006
4150  0.0004
4151  0.0003
4152  0.0006
4153  0.0005
4154  0.0002
4155  0.0007
4156  0.0005
4157  0.0003
4158  0.0004
4159  0.0003
4160  0.0003
4161  0.0003
4162  0.0007
4163  0.0007
4164  0.0004
4165  0.0002
4166  0.0001
4167  0.0002
4168  0.0001
4169  0.0001
4170  0.0004
4171  0.0002
4172  0.0002
4173  0.0002
4174  0.0001
4175  0.0005
4176  0.0004
4177  0.0004
4178  0.0005
4179  0.0005
4180  0.0005
4181  0.0002
4182  0.0003
4183  0.0001
4184  0.0004
4185  0.0005
4186  0.0004
4187  0.0009
4188  0.0001
4189  0.0008
4190  0.0006
4192  0.0004
4193  0.0006
4194  0.0004
4195  0.0004
4196  0.0002
4197  0.0002
4198  0.0003
4199  0.0001
4200  0.0002
4201  0.0006
4202  0.0002
4203  0.0003
4204  0.0002
4205  0.0005
4206  0.0005
4207  0.0005
4208  0.0004
4209  0.0007
4210  0.0004
4211  0.0001
4212  0.0006
4214  0.0006
4215  0.0004
4216  0.0002
4217  0.0001
4218  0.0002
4219  0.0007
4220  0.0003
4221  0.0004
4222  0.0002
4223  0.0004
4225  0.0004
4226  0.0004
4227  0.0004
4228  0.0003
4229  0.0003
4230  0.0003
4231  0.0003
4232  0.0006
4233  0.0006
4234  0.0003
4235  0.0005
4236  0.0003
4237  0.0007
4238  0.0006
4239  0.0006
4241  0.0005
4242  0.0001
4243  0.0007
4244  0.0004
4245  0.0002
4246  0.0005
4247  0.0008
4248  0.0003
4249  0.0006
4250  0.0008
4251  0.0005
4252  0.0003
4253  0.0007
4254  0.0001
4255  0.0002
4256  0.0002
4258  0.0001
4259  0.0004
4260  0.0005
4261  0.0003
4262  0.0002
4263  0.0003
4264  0.0005
4265  0.0006
4266  0.0003
4267  0.0001
4268  0.0004
4269  0.0005
4270  0.0001
4271  0.0004
4272  0.0005
4273  0.0004
4274  0.0006
4275  0.0006
4276  0.0003
4277  0.0004
4278  0.0002
4279  0.0005
4280  0.0007
4281  0.0001
4282  0.0002
4283  0.0004
4284  0.0001
4285  0.0003
4286  0.0004
4287  0.0002
4288  0.0004
4289  0.0003
4290  0.0006
4291  0.0005
4292  0.0006
4293  0.0003
4294  0.0001
4295  0.0003
4296  0.0005
4297  0.0001
4298  0.0003
4299  0.0006
4300  0.0001
4301  0.0001
4302  0.0001
4303  0.0003
4304  0.0002
4305  0.0004
4306  0.0006
4307  0.0002
4308  0.0002
4309  0.0003
4310  0.0003
4311  0.0002
4312  0.0005
4313  0.0001
4314  0.0005
4315  0.0004
4316  0.0003
4317  0.0002
4318  0.0002
4319  0.0002
4320  0.0004
4321  0.0004
4322  0.0001
4324  0.0004
4325  0.0006
4326  0.0002
4327  0.0006
4328  0.0004
4329  0.0006
4330  0.0003
4331  0.0002
4332  0.0001
4333  0.0005
4334  0.0004
4335  0.0004
4336  0.0002
4337  0.0004
4338  0.0002
4339  0.0006
4340  0.0001
4341  0.0001
4342  0.0001
4343  0.0002
4344  0.0002
4345  0.0004
4346  0.0001
4347  0.0003
4348  0.0002
4349  0.0005
4350  0.0003
4351  0.0004
4352  0.0004
4353  0.0009
4354  0.0004
4355  0.0004
4356  0.0001
4357  0.0005
4358  0.0006
4359  0.0004
4360  0.0002
4361  0.0004
4362  0.0006
4363  0.0003
4364  0.0006
4365  0.0005
4366  0.0003
4367  0.0003
4368  0.0004
4369  0.0003
4370  0.0003
4371  0.0005
4372  0.0003
4373  0.0003
4374  0.0001
4375  0.0003
4376  0.0001
4377  0.0004
4378  0.0002
4379  0.0003
4380  0.0001
4381  0.0005
4382  0.0004
4383  0.0003
4384  0.0002
4385  0.0003
4387  0.0004
4388  0.0002
4389  0.0002
4390  0.0001
4391  0.0001
4392  0.0002
4393  0.0004
4394  0.0004
4396  0.0005
4397  0.0002
4398  0.0005
4399  0.0002
4400  0.0001
4401  0.0004
4402  0.0003
4403  0.0001
4404  0.0005
4405  0.0002
4406  0.0001
4407  0.0005
4408  0.0004
4409  0.0004
4410  0.0004
4411  0.0004
4412  0.0001
4413  0.0002
4414  0.0005
4415  0.0003
4416  0.0006
4417  0.0001
4418  0.0004
4419  0.0001
4420  0.0002
4421  0.0001
4422  0.0003
4423  0.0003
4424  0.0002
4425  0.001
4426  0.0004
4427  0.0007
4428  0.0003
4429  0.0005
4430  0.0002
4431  0.0004
4432  0.0002
4433  0.0002
4434  0.0002
4435  0.0005
4436  0.0004
4437  0.0003
4438  0.0006
4439  0.0003
4440  0.0005
4441  0.0003
4442  0.0008
4443  0.0002
4444  0.0002
4445  0.0004
4446  0.0002
4447  0.0003
4448  0.0005
4449  0.0007
4450  0.0004
4451  0.0003
4452  0.0008
4453  0.0001
4454  0.0002
4455  0.0001
4456  0.0002
4457  0.0003
4458  0.0002
4459  0.0003
4460  0.0003
4461  0.0003
4462  0.0001
4463  0.0004
4464  0.0003
4465  0.0001
4466  0.0003
4467  0.0001
4468  0.0002
4469  0.0006
4470  0.0008
4471  0.0006
4473  0.0006
4474  0.0004
4475  0.0003
4476  0.0002
4477  0.0004
4478  0.0002
4479  0.0007
4480  0.0002
4481  0.0003
4482  0.0003
4483  0.0005
4484  0.0005
4485  0.0003
4486  0.0004
4487  0.0004
4488  0.0004
4489  0.0002
4490  0.0004
4491  0.0002
4492  0.0002
4493  0.0001
4494  0.0006
4495  0.0003
4496  0.0004
4497  0.0001
4498  0.0004
4499  0.0004
4500  0.0003
4501  0.0004
4502  0.0001
4504  0.0004
4505  0.0003
4508  0.0004
4509  0.0003
4510  0.0004
4511  0.0004
4512  0.0003
4513  0.0001
4514  0.0004
4515  0.0002
4516  0.0001
4517  0.0004
4518  0.0002
4519  0.0005
4520  0.0001
4521  0.0004
4522  0.0004
4523  0.0002
4524  0.0006
4525  0.0002
4526  0.0005
4527  0.0002
4528  0.0002
4529  0.0001
4530  0.0003
4531  0.0004
4532  0.0004
4533  0.0007
4534  0.0004
4535  0.0003
4536  0.0005
4537  0.0003
4538  0.0003
4539  0.0004
4540  0.0003
4541  0.0006
4542  0.0001
4543  0.0002
4544  0.0005
4545  0.0002
4546  0.0004
4547  0.0003
4549  0.0003
4550  0.0002
4551  0.0003
4552  0.0004
4553  0.0001
4554  0.0004
4555  0.0004
4556  0.0004
4557  0.0004
4558  0.0005
4559  0.0001
4560  0.0001
4561  0.0002
4563  0.0004
4564  0.0003
4565  0.0001
4566  0.0004
4567  0.0002
4568  0.0002
4569  0.0003
4570  0.0004
4571  0.0002
4572  0.0004
4573  0.0003
4574  0.0005
4575  0.0005
4576  0.0001
4577  0.0003
4578  0.0001
4579  0.0002
4580  0.0003
4581  0.0002
4582  0.0005
4583  0.0001
4584  0.0001
4585  0.0004
4586  0.0002
4587  0.0005
4588  0.0002
4589  0.0002
4590  0.0001
4591  0.0001
4592  0.0005
4593  0.0002
4594  0.0003
4595  0.0001
4596  0.0005
4597  0.001
4598  0.0003
4599  0.0001
4600  0.0003
4601  0.0004
4602  0.0002
4603  0.0004
4604  0.0002
4605  0.0002
4606  0.0005
4607  0.0002
4608  0.0004
4609  0.0001
4610  0.0001
4611  0.0002
4612  0.0005
4613  0.0002
4614  0.0004
4615  0.0005
4616  0.0001
4617  0.0002
4618  0.0003
4619  0.0006
4620  0.0004
4621  0.0004
4623  0.0004
4624  0.0002
4625  0.0005
4626  0.0002
4627  0.0005
4628  0.0002
4629  0.0007
4630  0.0005
4631  0.0005
4632  0.0005
4633  0.0006
4634  0.0003
4635  0.0001
4636  0.0003
4637  0.0002
4638  0.0002
4639  0.0001
4640  0.0001
4641  0.0004
4642  0.0002
4643  0.0002
4644  0.0004
4645  0.0002
4646  0.0001
4647  0.0003
4648  0.0003
4649  0.0004
4650  0.0004
4651  0.0002
4652  0.0002
4653  0.0003
4654  0.0001
4655  0.0003
4656  0.0001
4657  0.0002
4658  0.0002
4659  0.0001
4660  0.0003
4661  0.0001
4662  0.0005
4663  0.0003
4664  0.0006
4665  0.0001
4666  0.0002
4667  0.0003
4668  0.0006
4669  0.0003
4670  0.0003
4671  0.0005
4672  0.0004
4673  0.0001
4674  0.0004
4676  0.0003
4677  0.0004
4678  0.0004
4679  0.0005
4680  0.0003
4681  0.0002
4682  0.0002
4683  0.0003
4684  0.0001
4685  0.0004
4686  0.0002
4687  0.0005
4688  0.0003
4689  0.0003
4690  0.0003
4691  0.0002
4692  0.0001
4693  0.0004
4694  0.0001
4696  0.0001
4697  0.0001
4698  0.0002
4699  0.0002
4700  0.0002
4701  0.0001
4702  0.0001
4703  0.0003
4704  0.0001
4705  0.0003
4706  0.0002
4707  0.0002
4708  0.0002
4709  0.0001
4710  0.0002
4711  0.0002
4712  0.0002
4713  0.0002
4714  0.0002
4715  0.0003
4716  0.0003
4717  0.0002
4718  0.0003
4719  0.0004
4720  0.0007
4721  0.0003
4723  0.0001
4724  0.0002
4725  0.0001
4726  0.0004
4727  0.0002
4729  0.0003
4730  0.0005
4731  0.0001
4732  0.0001
4733  0.0003
4734  0.0003
4735  0.0001
4736  0.0002
4737  0.0001
4738  0.0007
4739  0.0002
4740  0.0001
4741  0.0002
4742  0.0006
4743  0.0001
4744  0.0005
4745  0.0004
4746  0.0001
4747  0.0002
4748  0.0002
4749  0.0004
4750  0.0001
4751  0.0002
4752  0.0006
4754  0.0003
4755  0.0003
4757  0.0003
4758  0.0001
4759  0.0005
4760  0.0001
4761  0.0001
4762  0.0001
4763  0.0002
4765  0.0004
4766  0.0004
4767  0.0001
4768  0.0001
4769  0.0001
4770  0.0005
4771  0.0003
4772  0.0003
4773  0.0002
4774  0.0003
4775  0.0001
4776  0.0001
4777  0.0004
4778  0.0001
4779  0.0002
4780  0.0003
4781  0.0004
4782  0.0003
4783  0.0001
4784  0.0005
4785  0.0003
4786  0.0002
4788  0.0002
4789  0.0002
4790  0.0005
4791  0.0003
4792  0.0004
4794  0.0004
4795  0.0001
4796  0.0001
4797  0.0003
4798  0.0001
4800  0.0003
4801  0.0003
4802  0.0002
4804  0.0001
4805  0.0002
4806  0.0002
4807  0.0003
4808  0.0001
4809  0.0002
4811  0.0001
4812  0.0001
4813  0.0001
4814  0.0003
4815  0.0001
4817  0.0004
4818  0.0001
4819  0.0003
4820  0.0005
4821  0.0001
4822  0.0002
4823  0.0002
4826  0.0001
4827  0.0002
4828  0.0003
4829  0.0002
4831  0.0001
4832  0.0002
4833  0.0001
4834  0.0002
4835  0.0006
4836  0.0005
4838  0.0001
4839  0.0002
4841  0.0002
4843  0.0002
4844  0.0001
4845  0.0003
4846  0.0001
4847  0.0003
4848  0.0004
4849  0.0002
4851  0.0004
4852  0.0003
4853  0.0002
4854  0.0001
4855  0.0003
4856  0.0003
4857  0.0003
4859  0.0004
4860  0.0003
4861  0.0001
4862  0.0002
4863  0.0004
4864  0.0001
4865  0.0003
4866  0.0002
4868  0.0002
4869  0.0004
4870  0.0001
4871  0.0001
4873  0.0002
4874  0.0001
4876  0.0002
4879  0.0002
4880  0.0002
4881  0.0004
4882  0.0002
4883  0.0002
4884  0.0002
4886  0.0002
4887  0.0002
4888  0.0003
4889  0.0002
4890  0.0001
4891  0.0001
4892  0.0001
4893  0.0001
4894  0.0001
4895  0.0001
4896  0.0006
4898  0.0002
4900  0.0002
4901  0.0003
4902  0.0002
4903  0.0002
4904  0.0003
4905  0.0004
4906  0.0001
4907  0.0001
4908  0.0001
4909  0.0003
4910  0.0001
4911  0.0001
4912  0.0001
4913  0.0002
4914  0.0001
4915  0.0003
4916  0.0001
4917  0.0003
4920  0.0003
4921  0.0002
4922  0.0002
4923  0.0001
4924  0.0001
4926  0.0002
4927  0.0002
4928  0.0001
4929  0.0001
4930  0.0003
4931  0.0001
4934  0.0002
4935  0.0001
4938  0.0002
4941  0.0004
4942  0.0001
4943  0.0001
4944  0.0003
4946  0.0001
4949  0.0002
4950  0.0001
4952  0.0001
4955  0.0001
4956  0.0002
4957  0.0001
4958  0.0001
4960  0.0001
4961  0.0002
4962  0.0002
4963  0.0002
4965  0.0001
4966  0.0002
4969  0.0005
4973  0.0001
4975  0.0003
4982  0.0002
4983  0.0001
4984  0.0001
4985  0.0001
4986  0.0003
4988  0.0003
4989  0.0001
4990  0.0001
4991  0.0002
4992  0.0002
4993  0.0001
4995  0.0003
4996  0.0001
4997  0.0001
4998  0.0001
4999  0.0001
5000  0.0002
5001  0.0001
5002  0.0001
5003  0.0002
5005  0.0002
5006  0.0001
5008  0.0001
5009  0.0003
5010  0.0001
5011  0.0001
5012  0.0001
5013  0.0002
5014  0.0001
5015  0.0001
5016  0.0001
5019  0.0002
5020  0.0001
5022  0.0002
5023  0.0002
5024  0.0001
5025  0.0001
5026  0.0001
5030  0.0004
5031  0.0001
5035  0.0001
5036  0.0002
5038  0.0001
5040  0.0002
5041  0.0003
5043  0.0003
5044  0.0001
5046  0.0001
5047  0.0001
5049  0.0002
5051  0.0001
5052  0.0001
5053  0.0002
5056  0.0001
5057  0.0001
5059  0.0002
5060  0.0001
5064  0.0001
5067  0.0001
5071  0.0001
5073  0.0001
5076  0.0001
5077  0.0001
5079  0.0002
5080  0.0003
5085  0.0001
5087  0.0001
5089  0.0001
5090  0.0001
5093  0.0002
5094  0.0001
5098  0.0001
5102  0.0001
5104  0.0001
5105  0.0002
5107  0.0001
5108  0.0001
5110  0.0001
5113  0.0001
5114  0.0003
5116  0.0003
5117  0.0001
5118  0.0003
5120  0.0001
5121  0.0001
5122  0.0001
5128  0.0001
5129  0.0001
5130  0.0001
5132  0.0001
5134  0.0001
5135  0.0002
5136  0.0001
5141  0.0001
5143  0.0001
5144  0.0001
5145  0.0001
5147  0.0001
5148  0.0003
5152  0.0001
5155  0.0001
5158  0.0001
5161  0.0001
5163  0.0001
5166  0.0001
5168  0.0001
5172  0.0001
5175  0.0001
5177  0.0001
5178  0.0001
5180  0.0001
5190  0.0001
5191  0.0001
5193  0.0001
5197  0.0001
5198  0.0001
5200  0.0001
5201  0.0002
5208  0.0002
5210  0.0001
5211  0.0001
5213  0.0002
5215  0.0001
5219  0.0001
5229  0.0001
5235  0.0001
5236  0.0001
5238  0.0001
5239  0.0001
5240  0.0001
5244  0.0001
5251  0.0001
5256  0.0001
5263  0.0001
5270  0.0001
5277  0.0001
5291  0.0001
5293  0.0001
5300  0.0001
5307  0.0001
5311  0.0001
5332  0.0001
5333  0.0001
5349  0.0001
5359  0.0001
5461  0.0001
