1  0.4114
2  0.0827
3  0.048
4  0.0277
5  0.0145
6  0.0112
7  0.0073
8  0.0057
9  0.0046
10  0.0033
11  0.0029
12  0.0014
13  0.0019
14  0.0017
15  0.0008
16  0.0014
17  0.0006
18  0.0009
19  0.0007
20  0.0005
21  0.0004
22  0.0009
23  0.0003
24  0.0003
25  0.0005
26  0.0002
28  0.0003
29  0.0004
30  0.0003
31  0.0002
32  0.0002
33  0.0004
34  0.0002
35  0.0006
36  0.0003
37  0.0005
39  0.0001
40  0.0001
41  0.0005
42  0.0002
43  0.0003
45  0.0004
46  0.0001
47  0.0002
48  0.0007
49  0.0007
50  0.0005
51  0.0007
52  0.0005
53  0.0005
54  0.001
55  0.0006
56  0.0008
57  0.001
58  0.0006
59  0.0009
60  0.0022
61  0.0032
62  0.0023
63  0.0029
64  0.0034
65  0.0036
66  0.0057
67  0.0065
68  0.0094
69  0.0125
70  0.0135
71  0.0172
72  0.023
73  0.0274
74  0.0389
75  0.048
76  0.0545
77  0.0665
78  0.0739
79  0.085
80  0.0822
81  0.0864
82  0.0758
83  0.0717
84  0.0591
85  0.0434
86  0.0288
87  0.0181
88  0.0102
89  0.0067
90  0.0037
91  0.0019
92  0.0005
94  0.0001
