1  2.7058
2  0.763
3  0.5058
4  0.3333
5  0.249
6  0.1876
7  0.15
8  0.1269
9  0.1092
10  0.0873
11  0.0794
12  0.0696
13  0.0652
14  0.0582
15  0.054
16  0.0429
17  0.0409
18  0.0413
19  0.0372
20  0.0351
21  0.0331
22  0.0299
23  0.03
24  0.0256
25  0.026
26  0.0263
27  0.0263
28  0.0251
29  0.0235
30  0.0261
31  0.0232
32  0.02
33  0.0219
34  0.022
35  0.0215
36  0.023
37  0.0183
38  0.0195
39  0.0194
40  0.0212
41  0.0189
42  0.02
43  0.0196
44  0.0196
45  0.0232
46  0.0221
47  0.0215
48  0.0192
49  0.0219
50  0.022
51  0.0185
52  0.0197
53  0.022
54  0.0182
55  0.0173
56  0.0194
57  0.0143
58  0.0154
59  0.0177
60  0.0163
61  0.0124
62  0.0096
63  0.0109
64  0.0084
65  0.0059
66  0.006
67  0.0053
68  0.0033
69  0.0023
70  0.0018
71  0.0018
72  0.0011
73  0.0007
74  0.0006
75  0.0002
78  0.0001
