1  415.074
2  248.797
3  115.921
4  71.8352
5  46.636
6  32.1023
7  22.9137
8  16.7528
9  12.5443
10  9.4591
11  7.2661
12  5.6491
13  4.3575
14  3.4468
15  2.7317
16  2.1779
17  1.7414
18  1.4006
19  1.1281
20  0.9116
21  0.737
22  0.5955
23  0.4819
24  0.3935
25  0.321
26  0.257
27  0.2148
28  0.1791
29  0.1483
30  0.1247
31  0.1012
32  0.0859
33  0.0701
34  0.0531
35  0.0454
36  0.0417
37  0.035
38  0.027
39  0.0193
40  0.0193
41  0.0126
42  0.0127
43  0.0097
44  0.0095
45  0.0082
46  0.0047
47  0.0049
48  0.0045
49  0.0035
50  0.0029
51  0.0027
52  0.0019
53  0.0019
54  0.0027
55  0.001
56  0.0015
57  0.0006
58  0.0008
59  0.0009
60  0.0007
61  0.0003
62  0.0005
63  0.0002
64  0.0002
65  0.0002
67  0.0003
69  0.0002
72  0.0001
79  0.0001
80  0.0001
81  0.0001
95  0.0001
320  0.0001
322  0.0001
325  0.0003
327  0.0002
328  0.0001
330  0.0002
331  0.0002
332  0.0005
333  0.0003
334  0.0005
335  0.0004
336  0.0005
337  0.0012
338  0.0007
339  0.0008
340  0.0011
341  0.0013
342  0.002
343  0.0017
344  0.0018
345  0.0023
346  0.003
347  0.0029
348  0.0023
349  0.0049
350  0.0034
351  0.0042
352  0.0054
353  0.0054
354  0.0055
355  0.007
356  0.0074
357  0.0084
358  0.0086
359  0.0102
360  0.0108
361  0.0106
362  0.0113
363  0.0128
364  0.012
365  0.0142
366  0.0151
367  0.0144
368  0.0163
369  0.0179
370  0.0162
371  0.02
372  0.0193
373  0.0228
374  0.0219
375  0.0196
376  0.0192
377  0.0213
378  0.024
379  0.0223
380  0.0225
381  0.0232
382  0.0217
383  0.0207
384  0.0248
385  0.0224
386  0.0242
387  0.0215
388  0.0222
389  0.0206
390  0.02
391  0.0223
392  0.0189
393  0.0192
394  0.0186
395  0.0165
396  0.0165
397  0.0142
398  0.0139
399  0.0141
400  0.0122
401  0.0128
402  0.0116
403  0.0119
404  0.012
405  0.0081
406  0.0109
407  0.0074
408  0.008
409  0.0066
410  0.0064
411  0.0067
412  0.0058
413  0.0047
414  0.0048
415  0.0035
416  0.0039
417  0.0032
418  0.0029
419  0.0028
420  0.0023
421  0.0017
422  0.0018
423  0.0019
424  0.0018
425  0.0024
426  0.0008
427  0.0008
428  0.001
429  0.0006
430  0.0006
431  0.0007
432  0.0002
433  0.0003
434  0.0004
435  0.0002
436  0.0002
437  0.0001
438  0.0004
440  0.0001
442  0.0001
443  0.0002
444  0.0001
450  0.0001
456  0.0001
