1  242.777
2  170.687
3  80.4159
4  54.0476
5  37.8444
6  28.2183
7  22.0521
8  17.7246
9  14.545
10  12.1154
11  10.2294
12  8.7004
13  7.461
14  6.5152
15  5.7197
16  5.0481
17  4.4778
18  3.955
19  3.5268
20  3.1574
21  2.8495
22  2.5673
23  2.3121
24  2.1131
25  1.8994
26  1.746
27  1.5855
28  1.4497
29  1.3378
30  1.2342
31  1.1224
32  1.0253
33  0.9509
34  0.8789
35  0.8159
36  0.7742
37  0.6817
38  0.6421
39  0.6096
40  0.5582
41  0.5237
42  0.4791
43  0.4365
44  0.4081
45  0.3879
46  0.3618
47  0.3363
48  0.313
49  0.2944
50  0.2729
51  0.25
52  0.2393
53  0.2223
54  0.2058
55  0.1955
56  0.1797
57  0.1707
58  0.1647
59  0.1497
60  0.1393
61  0.1341
62  0.1291
63  0.1123
64  0.1144
65  0.1013
66  0.0885
67  0.0907
68  0.0805
69  0.0748
70  0.0724
71  0.0685
72  0.0694
73  0.067
74  0.0615
75  0.0579
76  0.0542
77  0.048
78  0.045
79  0.0446
80  0.0414
81  0.0371
82  0.0376
83  0.0367
84  0.0278
85  0.0315
86  0.0324
87  0.0299
88  0.0268
89  0.0247
90  0.0232
91  0.0232
92  0.0186
93  0.0209
94  0.0213
95  0.0181
96  0.0174
97  0.0139
98  0.0138
99  0.0146
100  0.0108
101  0.0129
102  0.0109
103  0.0107
104  0.0111
105  0.0103
106  0.0113
107  0.0109
108  0.0088
109  0.0092
110  0.009
111  0.0074
112  0.0071
113  0.0065
114  0.0054
115  0.0063
116  0.0066
117  0.0048
118  0.0047
119  0.0043
120  0.0058
121  0.0044
122  0.0044
123  0.0034
124  0.004
125  0.0043
126  0.0031
127  0.003
128  0.0032
129  0.0018
130  0.0018
131  0.003
132  0.0021
133  0.0017
134  0.0025
135  0.0027
136  0.0011
137  0.0021
138  0.0023
139  0.0018
140  0.0013
141  0.0017
142  0.0024
143  0.0011
144  0.001
145  0.0011
146  0.0013
147  0.0011
148  0.001
149  0.0006
150  0.0009
151  0.0018
152  0.0007
153  0.0006
154  0.0006
155  0.0005
156  0.0007
157  0.0007
158  0.0008
159  0.0008
160  0.0002
161  0.0002
162  0.0006
163  0.0004
164  0.0004
165  0.0004
166  0.0003
167  0.0004
168  0.0001
169  0.0003
170  0.0005
171  0.0003
172  0.0005
173  0.0001
174  0.0001
175  0.0003
176  0.0003
177  0.0003
178  0.0002
179  0.0001
180  0.0002
181  0.0001
182  0.0005
183  0.0001
184  0.0002
186  0.0003
187  0.0002
188  0.0002
190  0.0002
191  0.0001
193  0.0001
194  0.0002
197  0.0001
198  0.0001
204  0.0001
205  0.0001
213  0.0001
215  0.0001
217  0.0001
220  0.0001
222  0.0001
225  0.0001
226  0.0001
229  0.0001
231  0.0001
254  0.0001
434  0.0001
438  0.0002
439  0.0001
440  0.0002
442  0.0002
443  0.0002
444  0.0003
445  0.0002
446  0.0003
447  0.0002
448  0.0003
449  0.0006
450  0.0005
451  0.0004
452  0.0007
453  0.0007
454  0.0012
455  0.0011
456  0.0009
457  0.0017
458  0.0014
459  0.0013
460  0.0014
461  0.0026
462  0.0022
463  0.0027
464  0.0029
465  0.0042
466  0.0038
467  0.0037
468  0.0046
469  0.0049
470  0.0045
471  0.0069
472  0.0073
473  0.0074
474  0.0082
475  0.0063
476  0.0101
477  0.0098
478  0.0093
479  0.0105
480  0.0102
481  0.0112
482  0.0124
483  0.0147
484  0.0129
485  0.014
486  0.0149
487  0.0143
488  0.0148
489  0.015
490  0.0193
491  0.0168
492  0.016
493  0.0178
494  0.0186
495  0.018
496  0.02
497  0.0185
498  0.0199
499  0.018
500  0.0195
501  0.0199
502  0.0203
503  0.0198
504  0.0219
505  0.0212
506  0.0189
507  0.018
508  0.0187
509  0.0206
510  0.0208
511  0.0223
512  0.0179
513  0.0173
514  0.0166
515  0.016
516  0.0169
517  0.0153
518  0.0135
519  0.0143
520  0.0135
521  0.0128
522  0.013
523  0.0112
524  0.0121
525  0.0107
526  0.0094
527  0.0097
528  0.0065
529  0.0078
530  0.0083
531  0.0084
532  0.0076
533  0.0057
534  0.0052
535  0.0052
536  0.0037
537  0.0032
538  0.0032
539  0.0034
540  0.0037
541  0.002
542  0.0029
543  0.0016
544  0.0016
545  0.0016
546  0.0015
547  0.0015
548  0.0012
549  0.0009
550  0.0015
551  0.0009
552  0.0004
553  0.0013
554  0.0005
555  0.0006
556  0.0005
557  0.0003
558  0.0003
559  0.0001
560  0.0004
561  0.0001
562  0.0002
565  0.0001
566  0.0001
568  0.0001
573  0.0001
574  0.0001
577  0.0001
578  0.0001
