1  569.261
2  259.09
3  102.321
4  51.0055
5  26.8785
6  14.8343
7  8.4531
8  4.9582
9  2.9246
10  1.7668
11  1.107
12  0.679
13  0.4171
14  0.2535
15  0.1559
16  0.0952
17  0.0692
18  0.0417
19  0.0256
20  0.0163
21  0.0109
22  0.0066
23  0.0051
24  0.0019
25  0.0018
26  0.0011
27  0.0007
28  0.0003
29  0.0003
30  0.0002
35  0.0001
176  0.0001
177  0.0001
178  0.0003
180  0.0001
182  0.0004
183  0.0001
184  0.0003
185  0.0004
186  0.0005
187  0.0008
188  0.0006
189  0.0011
190  0.0008
191  0.0013
192  0.0026
193  0.0017
194  0.001
195  0.0036
196  0.0032
197  0.0041
198  0.0034
199  0.0052
200  0.0048
201  0.0067
202  0.0085
203  0.0075
204  0.0101
205  0.0082
206  0.012
207  0.0117
208  0.0124
209  0.0131
210  0.0163
211  0.0166
212  0.017
213  0.0196
214  0.0184
215  0.0231
216  0.0224
217  0.0242
218  0.027
219  0.03
220  0.0298
221  0.025
222  0.0259
223  0.0275
224  0.0295
225  0.0266
226  0.0285
227  0.0296
228  0.025
229  0.0295
230  0.0262
231  0.0241
232  0.0262
233  0.0217
234  0.0225
235  0.0243
236  0.0212
237  0.0222
238  0.0183
239  0.0165
240  0.0149
241  0.0171
242  0.0117
243  0.0135
244  0.0127
245  0.0102
246  0.0109
247  0.0081
248  0.0076
249  0.0081
250  0.0058
251  0.0052
252  0.0039
253  0.0045
254  0.0039
255  0.0028
256  0.0022
257  0.002
258  0.0028
259  0.0019
260  0.0014
261  0.0012
262  0.0009
263  0.0007
264  0.0009
265  0.0008
266  0.0003
267  0.0003
268  0.0004
269  0.0002
270  0.0004
271  0.0005
272  0.0004
273  0.0001
274  0.0002
275  0.0001
