1  1.7822
2  2.0011
3  0.2512
4  0.1321
5  0.0748
6  0.0327
7  0.0274
8  0.0167
9  0.0137
10  0.0096
11  0.0066
12  0.0042
13  0.004
14  0.0028
15  0.0028
16  0.0018
17  0.0014
18  0.0011
19  0.0012
20  0.0016
21  0.0007
22  0.0009
23  0.0004
24  0.0005
25  0.0004
26  0.0005
27  0.0003
28  0.0003
29  0.0003
30  0.0001
31  0.0004
32  0.0004
34  0.0003
37  0.0001
39  0.0001
40  0.0001
41  0.0003
42  0.0002
43  0.0001
45  0.0001
47  0.0002
54  0.0001
58  0.0001
68  0.0001
199  0.0001
200  0.0001
202  0.0001
203  0.0001
205  0.0002
206  0.0003
207  0.0004
208  0.0002
209  0.0002
210  0.0005
211  0.0005
212  0.0004
213  0.0006
214  0.0004
215  0.0003
216  0.0008
217  0.0009
218  0.0019
219  0.0021
220  0.0023
221  0.0023
222  0.0029
223  0.0027
224  0.0033
225  0.0036
226  0.0053
227  0.0059
228  0.0064
229  0.0047
230  0.0066
231  0.0059
232  0.009
233  0.0088
234  0.01
235  0.0118
236  0.013
237  0.0136
238  0.014
239  0.0136
240  0.0145
241  0.0172
242  0.0181
243  0.0185
244  0.0186
245  0.0216
246  0.0207
247  0.0215
248  0.0221
249  0.0249
250  0.0247
251  0.0252
252  0.0245
253  0.0222
254  0.021
255  0.0262
256  0.0254
257  0.0264
258  0.0223
259  0.0251
260  0.0261
261  0.0224
262  0.027
263  0.0217
264  0.0224
265  0.0237
266  0.0204
267  0.0198
268  0.0179
269  0.016
270  0.0178
271  0.0149
272  0.0134
273  0.0123
274  0.0111
275  0.0111
276  0.0106
277  0.0101
278  0.0088
279  0.0083
280  0.0073
281  0.007
282  0.0058
283  0.0044
284  0.0047
285  0.0046
286  0.005
287  0.0034
288  0.0038
289  0.0026
290  0.0028
291  0.0025
292  0.0016
293  0.0023
294  0.0017
295  0.0012
296  0.0013
297  0.0009
298  0.0008
299  0.0004
300  0.0006
301  0.0002
302  0.0005
303  0.0004
304  0.0002
305  0.0001
306  0.0002
307  0.0003
308  0.0003
310  0.0001
311  0.0002
312  0.0002
313  0.0002
314  0.0001
7884  0.0001
7904  0.0001
7916  0.0001
7918  0.0001
7919  0.0001
7924  0.0002
7929  0.0001
7930  0.0001
7934  0.0002
7935  0.0001
7936  0.0003
7937  0.0001
7938  0.0001
7939  0.0002
7940  0.0003
7941  0.0001
7943  0.0005
7944  0.0002
7945  0.0001
7946  0.0005
7947  0.0008
7949  0.0005
7950  0.0004
7951  0.0004
7952  0.0005
7953  0.0003
7954  0.0007
7955  0.0008
7956  0.0008
7957  0.0002
7958  0.0008
7959  0.001
7960  0.0005
7961  0.0008
7962  0.0008
7963  0.0005
7964  0.0008
7965  0.0008
7966  0.0009
7967  0.0007
7968  0.0014
7969  0.0008
7970  0.0013
7971  0.0014
7972  0.0007
7973  0.0012
7974  0.0014
7975  0.0008
7976  0.0013
7977  0.001
7978  0.0009
7979  0.0013
7980  0.0022
7981  0.0021
7982  0.0016
7983  0.002
7984  0.0017
7985  0.0018
7986  0.0023
7987  0.0014
7988  0.0032
7989  0.0024
7990  0.0025
7991  0.0026
7992  0.0029
7993  0.0032
7994  0.003
7995  0.0031
7996  0.0037
7997  0.0026
7998  0.0031
7999  0.0026
8000  0.0033
8001  0.004
8002  0.0044
8003  0.0033
8004  0.0036
8005  0.0035
8006  0.0039
8007  0.004
8008  0.0039
8009  0.0049
8010  0.0053
8011  0.005
8012  0.0047
8013  0.0034
8014  0.0054
8015  0.006
8016  0.0048
8017  0.0054
8018  0.0052
8019  0.0058
8020  0.0058
8021  0.0067
8022  0.0063
8023  0.0063
8024  0.0065
8025  0.0066
8026  0.0076
8027  0.0084
8028  0.0071
8029  0.0071
8030  0.0081
8031  0.0077
8032  0.0064
8033  0.0064
8034  0.0064
8035  0.0065
8036  0.007
8037  0.007
8038  0.0072
8039  0.0079
8040  0.0082
8041  0.0088
8042  0.0068
8043  0.0088
8044  0.0085
8045  0.0087
8046  0.0071
8047  0.0094
8048  0.0089
8049  0.0085
8050  0.0097
8051  0.0093
8052  0.0106
8053  0.0081
8054  0.0081
8055  0.009
8056  0.0091
8057  0.0089
8058  0.0086
8059  0.0092
8060  0.0093
8061  0.0104
8062  0.0086
8063  0.0102
8064  0.0099
8065  0.0087
8066  0.0098
8067  0.0082
8068  0.0088
8069  0.0108
8070  0.0083
8071  0.0104
8072  0.007
8073  0.0089
8074  0.0094
8075  0.0079
8076  0.0073
8077  0.0079
8078  0.007
8079  0.009
8080  0.0082
8081  0.0078
8082  0.008
8083  0.0064
8084  0.0086
8085  0.0088
8086  0.0075
8087  0.0079
8088  0.0095
8089  0.006
8090  0.0059
8091  0.0075
8092  0.0063
8093  0.0064
8094  0.0051
8095  0.0059
8096  0.0069
8097  0.0051
8098  0.0085
8099  0.0066
8100  0.0052
8101  0.0063
8102  0.0066
8103  0.007
8104  0.0059
8105  0.0054
8106  0.0063
8107  0.0055
8108  0.0061
8109  0.0065
8110  0.0052
8111  0.0052
8112  0.0045
8113  0.0036
8114  0.0041
8115  0.0045
8116  0.004
8117  0.0042
8118  0.0047
8119  0.0024
8120  0.003
8121  0.0028
8122  0.0049
8123  0.0034
8124  0.0029
8125  0.0036
8126  0.0037
8127  0.0026
8128  0.003
8129  0.0032
8130  0.002
8131  0.0028
8132  0.0024
8133  0.0025
8134  0.0025
8135  0.0021
8136  0.0022
8137  0.0022
8138  0.0019
8139  0.0009
8140  0.0023
8141  0.0023
8142  0.0013
8143  0.001
8144  0.0016
8145  0.0014
8146  0.0018
8147  0.0012
8148  0.0018
8149  0.0009
8150  0.0016
8151  0.0011
8152  0.0008
8153  0.0011
8154  0.0013
8155  0.0019
8156  0.0008
8157  0.0006
8158  0.0007
8159  0.0005
8160  0.0004
8161  0.0005
8162  0.0011
8163  0.0007
8164  0.0008
8165  0.0007
8166  0.0001
8167  0.0005
8168  0.0004
8169  0.0005
8170  0.0003
8171  0.0006
8173  0.0003
8174  0.0001
8175  0.0002
8176  0.0006
8177  0.0006
8178  0.0002
8179  0.0003
8180  0.0001
8182  0.0002
8183  0.0001
8185  0.0003
8186  0.0001
8187  0.0002
8188  0.0003
8189  0.0001
8190  0.0003
8191  0.0003
8192  0.0001
8194  0.0002
8196  0.0001
8200  0.0001
8201  0.0001
8202  0.0001
8203  0.0001
8205  0.0001
8206  0.0002
8222  0.0001
8223  0.0001
8237  0.0001
