1  0.6715
2  0.6228
3  0.2546
4  0.2804
5  0.2787
6  0.2451
7  0.1984
8  0.1122
9  0.0652
10  0.0433
11  0.023
12  0.0174
13  0.0168
14  0.0141
15  0.0114
16  0.0108
17  0.0087
18  0.0088
19  0.0075
20  0.0089
21  0.0065
22  0.0066
23  0.0075
24  0.0067
25  0.0051
26  0.0054
27  0.0056
28  0.0068
29  0.0062
30  0.0049
31  0.0062
32  0.0047
33  0.0049
34  0.0057
35  0.0055
36  0.0042
37  0.0051
38  0.0062
39  0.0062
40  0.0074
41  0.0068
42  0.0051
43  0.0069
44  0.007
45  0.008
46  0.007
47  0.0084
48  0.0085
49  0.0093
50  0.0096
51  0.0089
52  0.0111
53  0.0136
54  0.0114
55  0.0152
56  0.0166
57  0.0153
58  0.0189
59  0.0219
60  0.0234
61  0.025
62  0.0274
63  0.028
64  0.033
65  0.0342
66  0.0414
67  0.0404
68  0.0439
69  0.0432
70  0.0479
71  0.0447
72  0.0436
73  0.0408
74  0.035
75  0.0367
76  0.0319
77  0.0279
78  0.0202
79  0.0185
80  0.014
81  0.0096
82  0.0057
83  0.004
84  0.0026
85  0.0023
86  0.0012
87  0.0002
88  0.0002
89  0.0001
91  0.0001
