1  115.202
2  89.3375
3  37.8665
4  25.5237
5  17.5864
6  13.0093
7  10.2055
8  8.255
9  6.8624
10  5.8003
11  4.9463
12  4.3156
13  3.7707
14  3.3577
15  3.005
16  2.7257
17  2.4549
18  2.2319
19  2.0413
20  1.8695
21  1.7345
22  1.5999
23  1.4832
24  1.4061
25  1.2819
26  1.2057
27  1.1416
28  1.0774
29  1.0353
30  0.9651
31  0.9047
32  0.869
33  0.8288
34  0.7724
35  0.7455
36  0.7072
37  0.6773
38  0.6381
39  0.6235
40  0.5896
41  0.566
42  0.5438
43  0.5284
44  0.506
45  0.4796
46  0.469
47  0.4421
48  0.4429
49  0.4152
50  0.4077
51  0.4016
52  0.3837
53  0.3696
54  0.3564
55  0.3404
56  0.3418
57  0.3223
58  0.3112
59  0.3069
60  0.2972
61  0.2965
62  0.2736
63  0.274
64  0.2643
65  0.261
66  0.2505
67  0.2431
68  0.2383
69  0.2345
70  0.2262
71  0.2285
72  0.2249
73  0.2094
74  0.2077
75  0.2139
76  0.2029
77  0.1964
78  0.1868
79  0.1875
80  0.183
81  0.1685
82  0.176
83  0.1677
84  0.1632
85  0.1688
86  0.1587
87  0.1579
88  0.1494
89  0.1476
90  0.1432
91  0.1378
92  0.1384
93  0.1365
94  0.1345
95  0.1346
96  0.1302
97  0.1268
98  0.1245
99  0.1247
100  0.1245
101  0.1202
102  0.1124
103  0.1122
104  0.1067
105  0.1117
106  0.1094
107  0.1058
108  0.0994
109  0.1074
110  0.1003
111  0.0961
112  0.0979
113  0.0982
114  0.0926
115  0.0913
116  0.0889
117  0.0905
118  0.0855
119  0.0879
120  0.0834
121  0.0858
122  0.0806
123  0.0811
124  0.0782
125  0.0797
126  0.0702
127  0.0767
128  0.0769
129  0.0732
130  0.0715
131  0.0766
132  0.0729
133  0.0705
134  0.0727
135  0.0705
136  0.0628
137  0.066
138  0.0684
139  0.0677
140  0.0623
141  0.0656
142  0.0586
143  0.0599
144  0.0573
145  0.0582
146  0.0582
147  0.0578
148  0.0577
149  0.0579
150  0.0567
151  0.0573
152  0.052
153  0.0518
154  0.0548
155  0.0545
156  0.0501
157  0.0489
158  0.0467
159  0.0495
160  0.0489
161  0.0438
162  0.0448
163  0.0512
164  0.0455
165  0.0473
166  0.0451
167  0.0426
168  0.0423
169  0.0428
170  0.0457
171  0.0393
172  0.0394
173  0.0406
174  0.0399
175  0.0428
176  0.0385
177  0.0384
178  0.0383
179  0.0421
180  0.039
181  0.0376
182  0.0363
183  0.0369
184  0.0333
185  0.0336
186  0.0339
187  0.0392
188  0.0372
189  0.0331
190  0.0345
191  0.0333
192  0.0338
193  0.0321
194  0.0331
195  0.0324
196  0.0342
197  0.0334
198  0.0323
199  0.0316
200  0.0277
201  0.033
202  0.0273
203  0.0295
204  0.0328
205  0.0309
206  0.0325
207  0.0266
208  0.0272
209  0.0312
210  0.0277
211  0.0273
212  0.024
213  0.0268
214  0.0278
215  0.0254
216  0.0238
217  0.0258
218  0.0236
219  0.0274
220  0.023
221  0.026
222  0.0219
223  0.0288
224  0.0247
225  0.0247
226  0.0218
227  0.0249
228  0.0219
229  0.0221
230  0.0178
231  0.0211
232  0.0201
233  0.019
234  0.0259
235  0.0226
236  0.0211
237  0.0218
238  0.0199
239  0.02
240  0.0192
241  0.0191
242  0.02
243  0.0217
244  0.021
245  0.0215
246  0.0179
247  0.0189
248  0.0165
249  0.0193
250  0.0162
251  0.017
252  0.0168
253  0.0186
254  0.0164
255  0.0171
256  0.0162
257  0.0169
258  0.017
259  0.0163
260  0.0158
261  0.0155
262  0.0174
263  0.0166
264  0.0167
265  0.0141
266  0.0187
267  0.0161
268  0.0143
269  0.017
270  0.016
271  0.0158
272  0.0141
273  0.0148
274  0.0134
275  0.0152
276  0.0143
277  0.0156
278  0.0154
279  0.0146
280  0.0173
281  0.0123
282  0.0153
283  0.0151
284  0.0164
285  0.0124
286  0.0127
287  0.0121
288  0.0127
289  0.0122
290  0.0127
291  0.0118
292  0.0113
293  0.0134
294  0.0115
295  0.0129
296  0.0111
297  0.0118
298  0.012
299  0.0103
300  0.0108
301  0.011
302  0.0119
303  0.0119
304  0.0119
305  0.0106
306  0.0105
307  0.0113
308  0.0098
309  0.0111
310  0.0124
311  0.011
312  0.012
313  0.0112
314  0.0113
315  0.0109
316  0.0108
317  0.009
318  0.0083
319  0.0096
320  0.0093
321  0.0099
322  0.0098
323  0.0095
324  0.0101
325  0.01
326  0.0088
327  0.0109
328  0.0085
329  0.0086
330  0.0098
331  0.0101
332  0.0072
333  0.0109
334  0.0094
335  0.0074
336  0.0083
337  0.0094
338  0.0104
339  0.0089
340  0.0085
341  0.0075
342  0.0078
343  0.0096
344  0.0079
345  0.0073
346  0.0086
347  0.0067
348  0.009
349  0.0082
350  0.0075
351  0.0079
352  0.0075
353  0.0083
354  0.0077
355  0.0071
356  0.0082
357  0.0087
358  0.0063
359  0.0068
360  0.0075
361  0.0078
362  0.0077
363  0.0071
364  0.0074
365  0.006
366  0.0079
367  0.0068
368  0.0047
369  0.0083
370  0.0075
371  0.0066
372  0.008
373  0.0062
374  0.0077
375  0.0065
376  0.0056
377  0.0074
378  0.0068
379  0.0079
380  0.0055
381  0.007
382  0.007
383  0.0067
384  0.0064
385  0.0057
386  0.0065
387  0.007
388  0.0066
389  0.0054
390  0.0058
391  0.0058
392  0.0057
393  0.0056
394  0.0056
395  0.0047
396  0.0068
397  0.0046
398  0.0073
399  0.0053
400  0.006
401  0.0046
402  0.0049
403  0.0068
404  0.0045
405  0.0059
406  0.0057
407  0.0042
408  0.0052
409  0.0054
410  0.0042
411  0.0055
412  0.0051
413  0.0041
414  0.0059
415  0.0052
416  0.005
417  0.0051
418  0.0048
419  0.0044
420  0.005
421  0.0052
422  0.0035
423  0.006
424  0.0046
425  0.0045
426  0.0046
427  0.0049
428  0.0048
429  0.0049
430  0.0045
431  0.0042
432  0.0042
433  0.0047
434  0.0052
435  0.0058
436  0.0049
437  0.0038
438  0.0036
439  0.0034
440  0.0047
441  0.0032
442  0.0038
443  0.004
444  0.0023
445  0.0027
446  0.0035
447  0.0036
448  0.0057
449  0.0032
450  0.0034
451  0.0033
452  0.0033
453  0.0037
454  0.0038
455  0.0039
456  0.0048
457  0.0031
458  0.0042
459  0.0024
460  0.0048
461  0.0024
462  0.0037
463  0.003
464  0.004
465  0.004
466  0.0047
467  0.0041
468  0.0038
469  0.0029
470  0.0033
471  0.0036
472  0.003
473  0.0031
474  0.0032
475  0.003
476  0.0024
477  0.0031
478  0.0021
479  0.0026
480  0.0026
481  0.0024
482  0.0024
483  0.0027
484  0.003
485  0.0032
486  0.0042
487  0.0024
488  0.0027
489  0.0025
490  0.0029
491  0.0028
492  0.0026
493  0.0036
494  0.0035
495  0.0024
496  0.0026
497  0.0033
498  0.0038
499  0.0023
500  0.0044
501  0.0035
502  0.0027
503  0.0031
504  0.003
505  0.003
506  0.0034
507  0.0047
508  0.003
509  0.0041
510  0.0043
511  0.0037
512  0.0049
513  0.0042
514  0.005
515  0.0047
516  0.006
517  0.0059
518  0.0066
519  0.0059
520  0.0052
521  0.0067
522  0.0075
523  0.0077
524  0.0089
525  0.0076
526  0.0083
527  0.0106
528  0.0101
529  0.0128
530  0.0134
531  0.0115
532  0.0124
533  0.0146
534  0.0134
535  0.0139
536  0.0157
537  0.0166
538  0.015
539  0.0148
540  0.0154
541  0.0187
542  0.0192
543  0.018
544  0.0181
545  0.0198
546  0.018
547  0.0217
548  0.021
549  0.0204
550  0.0212
551  0.0201
552  0.0223
553  0.0204
554  0.0208
555  0.0217
556  0.0187
557  0.0206
558  0.0205
559  0.0239
560  0.02
561  0.0194
562  0.0218
563  0.0206
564  0.0178
565  0.0189
566  0.0216
567  0.0175
568  0.0178
569  0.0177
570  0.0162
571  0.0153
572  0.0153
573  0.0147
574  0.0149
575  0.0133
576  0.0138
577  0.013
578  0.011
579  0.0138
580  0.0112
581  0.0108
582  0.0112
583  0.0105
584  0.0085
585  0.008
586  0.0075
587  0.0066
588  0.0065
589  0.0065
590  0.0074
591  0.0037
592  0.0049
593  0.0048
594  0.0048
595  0.0036
596  0.0056
597  0.0041
598  0.0037
599  0.0032
600  0.0031
601  0.0029
602  0.0028
603  0.0035
604  0.0029
605  0.0016
606  0.0024
607  0.0022
608  0.0021
609  0.0019
610  0.002
611  0.0019
612  0.0012
613  0.0017
614  0.0018
615  0.0011
616  0.0014
617  0.0014
618  0.0009
619  0.0016
620  0.0013
621  0.0015
622  0.0013
623  0.0011
624  0.0014
625  0.0008
626  0.0007
627  0.0017
628  0.0007
629  0.001
630  0.001
631  0.0013
632  0.0011
633  0.0019
634  0.0007
635  0.001
636  0.0012
637  0.0008
638  0.0013
639  0.0008
640  0.001
641  0.0015
642  0.0009
643  0.0014
644  0.001
645  0.0009
646  0.0007
647  0.0013
648  0.0015
649  0.0009
650  0.0009
651  0.0009
652  0.0013
653  0.0005
654  0.0007
655  0.0007
656  0.0009
657  0.0011
658  0.001
659  0.0014
660  0.0003
661  0.0004
662  0.0009
663  0.001
664  0.0004
665  0.0007
666  0.0007
667  0.0005
668  0.0011
669  0.0008
670  0.0011
671  0.0012
672  0.0008
673  0.0014
674  0.0007
675  0.0007
676  0.0006
677  0.0004
678  0.0015
679  0.0007
680  0.0011
681  0.0004
682  0.0006
683  0.001
684  0.0008
685  0.001
686  0.0007
687  0.0008
688  0.0008
689  0.0006
690  0.0006
691  0.0008
692  0.0011
693  0.0011
694  0.0008
695  0.0004
696  0.0011
697  0.0008
698  0.0005
699  0.0005
700  0.0006
701  0.0007
702  0.0006
703  0.0012
704  0.0005
705  0.0007
706  0.0007
707  0.0015
708  0.0009
709  0.0009
710  0.0006
711  0.001
712  0.0006
713  0.0007
714  0.0008
715  0.0011
716  0.0004
717  0.0009
718  0.0006
719  0.0006
720  0.0008
721  0.0008
722  0.0007
723  0.0011
724  0.0003
725  0.0007
726  0.0005
727  0.0003
728  0.0004
729  0.0007
730  0.0007
731  0.0009
732  0.0007
733  0.0006
734  0.0007
735  0.0006
736  0.0004
737  0.0005
738  0.0005
739  0.0005
740  0.0004
741  0.0004
742  0.0004
743  0.0005
744  0.0004
745  0.0005
746  0.0012
747  0.0003
748  0.0005
749  0.0005
750  0.0009
751  0.0006
752  0.0009
753  0.0003
754  0.0003
755  0.001
756  0.0008
757  0.0005
758  0.0009
759  0.0002
760  0.0004
761  0.0004
762  0.0009
763  0.0005
764  0.0003
765  0.0005
766  0.0007
767  0.0005
768  0.0007
769  0.0003
770  0.0003
771  0.0005
772  0.0002
773  0.0004
774  0.0004
775  0.0005
776  0.0005
777  0.0005
778  0.0006
779  0.0001
780  0.0006
781  0.0005
782  0.0004
783  0.0004
784  0.0008
785  0.0005
786  0.0001
787  0.0004
788  0.0006
789  0.0006
790  0.0008
791  0.0007
792  0.0002
793  0.0004
794  0.0003
795  0.0006
796  0.0006
797  0.0004
798  0.0005
799  0.0007
800  0.0005
801  0.0006
802  0.0004
803  0.0004
804  0.0002
805  0.0001
806  0.0002
807  0.0003
808  0.0004
809  0.0004
810  0.0005
811  0.0004
812  0.0004
813  0.0006
814  0.0002
815  0.0004
816  0.0003
817  0.0005
818  0.0002
819  0.0002
820  0.0005
821  0.0005
822  0.0004
823  0.0002
824  0.0002
825  0.0004
826  0.0002
827  0.0002
828  0.0004
829  0.0006
830  0.0005
831  0.0005
833  0.0004
834  0.0003
835  0.0005
836  0.0002
837  0.0005
838  0.0003
839  0.0002
840  0.0001
841  0.0001
842  0.0006
843  0.0002
844  0.0004
845  0.0001
846  0.0007
847  0.0002
848  0.0001
849  0.0008
850  0.0006
851  0.0003
852  0.0004
853  0.0002
854  0.0001
855  0.0003
856  0.0001
857  0.0005
858  0.0004
859  0.0004
860  0.0004
861  0.0005
862  0.0001
863  0.0005
864  0.0004
865  0.0001
866  0.0003
867  0.0002
868  0.0003
869  0.0001
870  0.0003
871  0.0002
872  0.0005
873  0.0002
874  0.0002
875  0.0005
876  0.0005
877  0.0002
878  0.0004
879  0.0004
880  0.0004
881  0.0001
882  0.0004
883  0.0004
884  0.0003
885  0.0006
886  0.0001
887  0.0001
888  0.0001
889  0.0002
890  0.0002
891  0.0003
892  0.0002
893  0.0004
894  0.0003
895  0.0001
896  0.0004
897  0.0003
898  0.0005
899  0.0002
900  0.0003
901  0.0002
902  0.0004
903  0.0007
904  0.0004
905  0.0002
906  0.0003
907  0.0001
908  0.0004
909  0.0002
910  0.0005
911  0.0003
912  0.0001
914  0.0004
915  0.0003
916  0.0001
917  0.0004
918  0.0004
919  0.0004
920  0.0002
921  0.0004
922  0.0002
924  0.0003
925  0.0002
926  0.0004
927  0.0002
928  0.0001
929  0.0001
930  0.0001
932  0.0002
934  0.0002
936  0.0002
937  0.0007
940  0.0001
941  0.0002
942  0.0002
943  0.0001
944  0.0001
945  0.0002
946  0.0003
947  0.0006
948  0.0004
949  0.0004
950  0.0003
951  0.0001
952  0.0001
953  0.0004
954  0.0003
955  0.0001
956  0.0001
957  0.0001
958  0.0003
959  0.0002
960  0.0002
961  0.0002
962  0.0002
963  0.0003
964  0.0001
965  0.0003
966  0.0004
967  0.0001
968  0.0003
969  0.0002
970  0.0001
971  0.0001
972  0.0002
973  0.0003
974  0.0002
976  0.0004
977  0.0004
979  0.0002
980  0.0003
983  0.0003
984  0.0001
986  0.0003
989  0.0002
990  0.0004
991  0.0001
994  0.0001
995  0.0001
996  0.0002
997  0.0001
998  0.0001
999  0.0002
1001  0.0001
1003  0.0002
1007  0.0004
1008  0.0002
1009  0.0002
1010  0.0001
1011  0.0002
1012  0.0001
1014  0.0001
1015  0.0001
1016  0.0001
1019  0.0003
1020  0.0001
1023  0.0003
1024  0.0001
1025  0.0003
1026  0.0002
1027  0.0003
1028  0.0002
1029  0.0002
1030  0.0001
1031  0.0004
1033  0.0003
1034  0.0003
1035  0.0001
1037  0.0001
1039  0.0003
1041  0.0001
1043  0.0001
1044  0.0002
1045  0.0001
1046  0.0001
1048  0.0001
1049  0.0001
1050  0.0001
1051  0.0002
1053  0.0001
1054  0.0001
1055  0.0001
1057  0.0002
1058  0.0001
1059  0.0002
1060  0.0001
1062  0.0002
1064  0.0001
1066  0.0003
1067  0.0002
1068  0.0002
1069  0.0001
1070  0.0002
1072  0.0003
1073  0.0002
1074  0.0002
1075  0.0003
1076  0.0002
1077  0.0001
1078  0.0001
1082  0.0001
1083  0.0001
1084  0.0001
1085  0.0001
1087  0.0002
1088  0.0001
1089  0.0001
1091  0.0002
1092  0.0002
1093  0.0001
1094  0.0001
1095  0.0002
1098  0.0001
1103  0.0002
1104  0.0001
1105  0.0001
1108  0.0001
1109  0.0001
1113  0.0002
1114  0.0001
1116  0.0001
1118  0.0001
1120  0.0001
1121  0.0003
1122  0.0002
1124  0.0002
1125  0.0001
1126  0.0001
1130  0.0002
1132  0.0002
1133  0.0001
1135  0.0001
1136  0.0001
1138  0.0002
1142  0.0001
1144  0.0001
1145  0.0001
1147  0.0001
1149  0.0002
1150  0.0002
1151  0.0002
1154  0.0001
1157  0.0002
1160  0.0001
1164  0.0001
1170  0.0003
1172  0.0001
1175  0.0002
1176  0.0001
1178  0.0001
1181  0.0001
1185  0.0001
1188  0.0001
1189  0.0003
1193  0.0002
1196  0.0002
1197  0.0001
1201  0.0002
1203  0.0001
1205  0.0001
1208  0.0001
1214  0.0001
1220  0.0002
1222  0.0001
1227  0.0002
1231  0.0001
1240  0.0001
1253  0.0001
1255  0.0001
1258  0.0001
1267  0.0001
1269  0.0001
1275  0.0001
1293  0.0001
1299  0.0001
1300  0.0001
1304  0.0002
1313  0.0001
1314  0.0001
1315  0.0001
1316  0.0002
1322  0.0001
1325  0.0001
1326  0.0001
1331  0.0001
1332  0.0001
1334  0.0002
1343  0.0001
1382  0.0001
1387  0.0001
1395  0.0001
1397  0.0001
1398  0.0001
1401  0.0001
1409  0.0001
1421  0.0001
1424  0.0002
1434  0.0001
1441  0.0001
1449  0.0001
1452  0.0002
1484  0.0001
1509  0.0001
1527  0.0001
1589  0.0001
1601  0.0001
1628  0.0001
1631  0.0001
1663  0.0001
1681  0.0001
1701  0.0001
1732  0.0001
2122  0.0001
