1  1.3427
2  1.1033
3  0.4647
4  0.4107
5  0.378
6  0.3492
7  0.2856
8  0.2016
9  0.1398
10  0.0974
11  0.0764
12  0.059
13  0.0488
14  0.0434
15  0.0389
16  0.031
17  0.0355
18  0.0334
19  0.0286
20  0.0269
21  0.0298
22  0.0277
23  0.0237
24  0.0263
25  0.0249
26  0.0227
27  0.0248
28  0.0236
29  0.0219
30  0.0212
31  0.0228
32  0.0231
33  0.0208
34  0.0199
35  0.0215
36  0.021
37  0.0202
38  0.0178
39  0.0195
40  0.0199
41  0.0181
42  0.0203
43  0.0203
44  0.0194
45  0.0198
46  0.0236
47  0.0199
48  0.0254
49  0.0211
50  0.0265
51  0.0201
52  0.0257
53  0.0243
54  0.0224
55  0.0234
56  0.0233
57  0.0238
58  0.0224
59  0.0181
60  0.0208
61  0.0184
62  0.0183
63  0.0153
64  0.0153
65  0.0139
66  0.011
67  0.0105
68  0.0092
69  0.0056
70  0.0053
71  0.0034
72  0.0034
73  0.0016
74  0.001
75  0.0009
76  0.0004
77  0.0006
78  0.0001
79  0.0002
