1  12.6887
2  10.9656
3  3.7058
4  2.3957
5  1.563
6  1.0995
7  0.8361
8  0.6469
9  0.5156
10  0.4279
11  0.3578
12  0.3068
13  0.2546
14  0.2338
15  0.1975
16  0.1744
17  0.1578
18  0.143
19  0.1348
20  0.1136
21  0.1054
22  0.0929
23  0.0872
24  0.0791
25  0.0764
26  0.067
27  0.0617
28  0.062
29  0.0542
30  0.0528
31  0.0459
32  0.0458
33  0.0414
34  0.0393
35  0.0351
36  0.039
37  0.0331
38  0.0345
39  0.0327
40  0.03
41  0.0293
42  0.0297
43  0.023
44  0.0214
45  0.0229
46  0.0243
47  0.0241
48  0.0196
49  0.0214
50  0.0197
51  0.0181
52  0.015
53  0.0166
54  0.0143
55  0.016
56  0.0168
57  0.0159
58  0.0133
59  0.0176
60  0.0137
61  0.0144
62  0.0147
63  0.014
64  0.0118
65  0.012
66  0.0125
67  0.01
68  0.0094
69  0.0097
70  0.0091
71  0.0113
72  0.0087
73  0.0096
74  0.0112
75  0.0082
76  0.0082
77  0.009
78  0.0091
79  0.0073
80  0.0068
81  0.0088
82  0.0068
83  0.0083
84  0.0074
85  0.006
86  0.0052
87  0.0072
88  0.0062
89  0.0065
90  0.0054
91  0.0069
92  0.0049
93  0.0062
94  0.0047
95  0.0051
96  0.0056
97  0.0054
98  0.0061
99  0.0041
100  0.007
101  0.0067
102  0.0048
103  0.0046
104  0.0044
105  0.0042
106  0.0056
107  0.0036
108  0.0047
109  0.0054
110  0.0074
111  0.007
112  0.0078
113  0.0077
114  0.0084
115  0.0081
116  0.0106
117  0.0098
118  0.0125
119  0.0148
120  0.0153
121  0.0191
122  0.0212
123  0.0222
124  0.0237
125  0.0256
126  0.0289
127  0.0309
128  0.0328
129  0.0382
130  0.0374
131  0.0385
132  0.0416
133  0.0414
134  0.0424
135  0.0418
136  0.0431
137  0.0411
138  0.0436
139  0.0345
140  0.037
141  0.0366
142  0.0331
143  0.0303
144  0.0271
145  0.0288
146  0.0261
147  0.0221
148  0.0221
149  0.0199
150  0.0159
151  0.0132
152  0.011
153  0.0097
154  0.0093
155  0.0101
156  0.0068
157  0.0073
158  0.0072
159  0.0051
160  0.0047
161  0.0043
162  0.0034
163  0.0034
164  0.0029
165  0.0027
166  0.0021
167  0.0027
168  0.0019
169  0.0013
170  0.0019
171  0.0026
172  0.0023
173  0.0027
174  0.0018
175  0.0011
176  0.002
177  0.0021
178  0.0021
179  0.0019
180  0.0017
181  0.0017
182  0.0025
183  0.0016
184  0.0025
185  0.0014
186  0.002
187  0.0013
188  0.0024
189  0.0013
190  0.0016
191  0.0009
192  0.0013
193  0.0017
194  0.0019
195  0.002
196  0.0012
197  0.001
198  0.001
199  0.0014
200  0.0013
201  0.0014
202  0.0012
203  0.0007
204  0.0013
205  0.0018
206  0.001
207  0.0009
208  0.0009
209  0.0005
210  0.0014
211  0.0017
212  0.0015
213  0.0013
214  0.0014
215  0.0014
216  0.0014
217  0.0015
218  0.0016
219  0.0012
220  0.0009
221  0.0011
222  0.0009
223  0.001
224  0.0014
225  0.0007
226  0.0009
227  0.0013
228  0.0011
229  0.0011
230  0.0008
231  0.002
232  0.001
233  0.0011
234  0.0012
235  0.0007
236  0.0011
237  0.0008
238  0.0006
239  0.0013
240  0.0002
241  0.0009
242  0.0009
243  0.001
244  0.0007
245  0.0008
246  0.001
247  0.0008
248  0.0007
249  0.0005
250  0.0006
251  0.0016
252  0.0007
253  0.0008
254  0.0009
255  0.0016
256  0.0008
257  0.0009
258  0.0008
259  0.0005
260  0.0005
261  0.0011
262  0.0005
263  0.0006
264  0.0007
265  0.0012
266  0.001
267  0.0006
268  0.0008
269  0.0005
270  0.0001
271  0.0013
272  0.0006
273  0.0008
274  0.0005
275  0.0011
276  0.0007
277  0.0008
278  0.0005
279  0.001
280  0.0006
281  0.0004
282  0.0012
283  0.0004
284  0.0007
285  0.0007
286  0.0006
287  0.0007
288  0.0007
289  0.0008
290  0.0007
291  0.0003
292  0.0007
293  0.0006
294  0.0008
295  0.0005
296  0.0006
297  0.0005
298  0.0007
299  0.0008
300  0.0007
301  0.0002
302  0.0003
303  0.0007
304  0.0007
305  0.0007
306  0.0009
307  0.001
308  0.0009
309  0.0008
310  0.0009
311  0.0007
312  0.0006
313  0.0007
314  0.0005
315  0.0007
316  0.0007
317  0.0005
318  0.0002
319  0.0008
320  0.0006
321  0.0005
322  0.0005
323  0.0005
324  0.0003
325  0.0009
326  0.0005
327  0.0006
328  0.0005
329  0.0003
330  0.0006
331  0.0003
332  0.0007
333  0.0004
334  0.0004
335  0.0001
336  0.0006
337  0.0004
338  0.0006
339  0.0007
340  0.0008
341  0.0005
342  0.0003
343  0.0005
344  0.0005
345  0.0004
346  0.0002
347  0.0004
348  0.0004
349  0.0005
350  0.0002
351  0.0008
352  0.0003
353  0.0004
354  0.0009
355  0.0004
356  0.0004
357  0.001
358  0.0003
359  0.0006
360  0.0003
361  0.0003
362  0.0007
363  0.0003
364  0.0006
365  0.0003
366  0.0006
367  0.0007
368  0.0004
369  0.0005
370  0.0003
371  0.0005
372  0.0003
373  0.0005
374  0.0003
375  0.0002
376  0.0005
377  0.0004
378  0.0003
379  0.0005
380  0.0008
381  0.0003
382  0.0004
383  0.0003
384  0.0003
385  0.0005
386  0.0002
387  0.0005
388  0.0007
389  0.0006
390  0.0005
391  0.0005
392  0.0006
393  0.0004
395  0.0004
396  0.0001
397  0.0004
398  0.0005
399  0.0005
400  0.0005
401  0.0003
402  0.0004
403  0.0008
404  0.0002
405  0.0004
406  0.0002
407  0.0005
408  0.0002
409  0.0004
410  0.0004
411  0.0002
412  0.0001
413  0.0007
414  0.0008
415  0.0006
416  0.0007
417  0.0005
418  0.0003
419  0.0003
420  0.0001
421  0.0001
422  0.0005
423  0.0005
424  0.0003
425  0.0001
426  0.0006
427  0.0005
428  0.0001
429  0.0004
430  0.0003
431  0.0004
432  0.0005
433  0.0002
434  0.0005
435  0.0005
436  0.0002
437  0.0004
438  0.0006
439  0.0004
440  0.0005
441  0.0002
442  0.0004
443  0.0002
444  0.0006
445  0.0002
446  0.0003
447  0.0003
448  0.0002
449  0.0005
450  0.0001
451  0.0002
452  0.0003
453  0.0004
454  0.0004
455  0.0003
456  0.0002
457  0.0005
458  0.0001
459  0.0003
460  0.0002
461  0.0005
462  0.0001
463  0.0005
464  0.0001
465  0.0002
466  0.0004
467  0.0002
468  0.0005
469  0.0008
470  0.0002
471  0.0004
472  0.0006
473  0.0001
474  0.0005
475  0.0002
476  0.0008
477  0.0002
478  0.0008
479  0.0003
480  0.0005
481  0.0002
482  0.0003
483  0.0005
484  0.0003
485  0.0003
486  0.0004
487  0.0003
488  0.0002
489  0.0002
490  0.0001
491  0.0005
492  0.0004
493  0.0004
494  0.0003
495  0.0001
496  0.0004
497  0.0001
498  0.0005
499  0.0004
500  0.0003
501  0.0002
502  0.0003
503  0.0003
504  0.0005
505  0.0006
506  0.0006
507  0.0003
508  0.0003
509  0.0005
510  0.0001
511  0.0001
512  0.0001
513  0.0003
514  0.0004
515  0.0003
516  0.0004
517  0.0001
518  0.0009
519  0.0002
520  0.0002
521  0.0003
522  0.0001
523  0.0001
524  0.0001
525  0.0002
526  0.0001
527  0.0004
529  0.0002
530  0.0002
531  0.0003
532  0.0003
533  0.0008
534  0.0004
535  0.0003
536  0.0003
537  0.0004
538  0.0004
539  0.0002
541  0.0007
542  0.0003
543  0.0005
544  0.0005
545  0.0002
547  0.0005
548  0.0007
549  0.0002
550  0.0006
551  0.0005
552  0.0004
553  0.0002
554  0.0001
555  0.0002
556  0.0002
557  0.0001
558  0.0004
560  0.0004
561  0.0003
562  0.0007
563  0.0003
564  0.0005
565  0.0001
566  0.0002
567  0.0006
568  0.0002
569  0.0003
570  0.0001
571  0.0005
572  0.0002
573  0.0002
574  0.001
575  0.0004
576  0.0004
577  0.0005
578  0.0002
579  0.0002
580  0.0005
581  0.0004
582  0.0005
583  0.0002
584  0.0003
585  0.0003
586  0.0001
587  0.0005
588  0.0006
589  0.0004
590  0.0004
591  0.0002
592  0.0002
593  0.0005
594  0.0001
595  0.0007
596  0.0005
597  0.0006
598  0.0004
599  0.0001
600  0.0001
601  0.0004
602  0.0005
603  0.0003
605  0.0004
607  0.0003
608  0.0003
609  0.0004
610  0.0003
611  0.0001
612  0.0003
613  0.0002
614  0.0003
615  0.0002
616  0.0003
617  0.0001
618  0.0001
620  0.0001
621  0.0004
622  0.0006
623  0.0001
624  0.0001
625  0.0002
626  0.0003
627  0.0003
628  0.0003
629  0.0002
630  0.0004
631  0.0004
632  0.0005
633  0.0001
635  0.0001
636  0.0001
637  0.0002
638  0.0004
639  0.0005
640  0.0004
641  0.0002
642  0.0003
643  0.0002
644  0.0003
645  0.0003
646  0.0001
647  0.0003
648  0.0001
649  0.0003
650  0.0006
651  0.0005
652  0.0003
653  0.0003
654  0.0001
655  0.0001
656  0.0003
657  0.0003
658  0.0002
659  0.0004
660  0.0004
661  0.0008
662  0.0003
663  0.0002
664  0.0005
665  0.0003
666  0.0005
667  0.0003
668  0.0003
670  0.0003
672  0.0002
673  0.0001
674  0.0003
675  0.0003
676  0.0001
678  0.0006
679  0.0002
680  0.0005
681  0.0004
682  0.0005
683  0.0001
684  0.0008
685  0.0003
686  0.0004
687  0.0001
688  0.0002
689  0.0007
690  0.0002
691  0.0003
693  0.0002
694  0.0003
695  0.0003
696  0.0001
697  0.0005
698  0.0005
699  0.0002
700  0.0001
701  0.0006
702  0.0006
704  0.0004
705  0.0002
706  0.0005
707  0.0002
708  0.0001
709  0.0002
710  0.0002
711  0.0004
712  0.0001
713  0.0006
714  0.0003
715  0.0006
717  0.0001
718  0.0005
719  0.0004
720  0.0004
721  0.0004
722  0.0006
723  0.0004
724  0.0001
725  0.0001
726  0.0005
727  0.0003
728  0.0003
729  0.0005
731  0.0007
732  0.0003
733  0.0001
734  0.0004
735  0.0002
736  0.0002
737  0.0003
738  0.0002
739  0.0008
740  0.0005
741  0.0004
742  0.0005
743  0.0005
744  0.0003
745  0.0004
746  0.0006
747  0.0001
748  0.0005
749  0.0005
750  0.0004
751  0.0004
752  0.0003
753  0.0002
754  0.0003
755  0.0005
756  0.0003
757  0.0006
759  0.0005
760  0.0002
761  0.0007
762  0.0001
763  0.0003
764  0.0002
765  0.0005
766  0.0003
767  0.0005
768  0.0003
769  0.0002
770  0.0002
771  0.0003
772  0.0004
773  0.0002
774  0.0003
775  0.0002
776  0.0003
777  0.0003
778  0.0001
779  0.0004
780  0.0004
781  0.0003
782  0.0005
783  0.0004
784  0.0004
785  0.0002
786  0.0005
787  0.0003
788  0.0002
789  0.0001
790  0.0004
791  0.0002
792  0.0006
793  0.0003
795  0.0006
796  0.0002
797  0.0008
798  0.0006
799  0.0002
800  0.0002
801  0.0004
802  0.0002
803  0.0006
804  0.0003
805  0.0006
806  0.0006
807  0.0002
808  0.0001
809  0.0004
810  0.0002
811  0.0003
812  0.0005
813  0.0004
814  0.0002
815  0.0005
816  0.0001
817  0.0003
818  0.0003
819  0.0006
820  0.0001
821  0.0003
822  0.0003
823  0.0005
824  0.0002
825  0.0002
826  0.0002
827  0.0001
828  0.0005
829  0.0005
830  0.0004
831  0.0004
832  0.0006
833  0.0003
834  0.0006
835  0.0006
836  0.0009
837  0.0006
838  0.0006
839  0.0002
840  0.0003
841  0.0004
842  0.0004
843  0.0003
844  0.0004
845  0.0004
846  0.0004
847  0.0005
849  0.0003
850  0.0004
851  0.0005
852  0.0004
853  0.0002
854  0.0003
855  0.0008
856  0.0003
857  0.0008
858  0.0004
859  0.0005
860  0.0005
861  0.0004
862  0.0005
863  0.0007
864  0.0002
865  0.0004
866  0.0004
867  0.0004
868  0.0004
869  0.0002
870  0.0004
871  0.0002
872  0.0005
873  0.0002
874  0.0007
875  0.0001
876  0.0007
877  0.0003
878  0.0006
879  0.0004
880  0.0004
881  0.0001
882  0.0002
883  0.0004
884  0.0004
885  0.0006
886  0.0004
887  0.0005
888  0.0004
889  0.0002
890  0.0001
891  0.0003
892  0.0008
893  0.0003
894  0.0006
895  0.0006
896  0.0004
897  0.0007
898  0.0005
899  0.0005
900  0.0005
901  0.0003
902  0.0004
903  0.0005
904  0.0001
905  0.0004
906  0.0004
907  0.0002
908  0.0002
909  0.0006
910  0.0003
911  0.0006
912  0.0002
913  0.0005
914  0.0004
915  0.0003
916  0.0003
917  0.0001
918  0.0011
919  0.0005
920  0.0005
921  0.0003
922  0.0005
923  0.0006
924  0.0003
925  0.0007
926  0.0002
928  0.0004
929  0.0007
930  0.0004
931  0.0006
932  0.0006
933  0.0005
934  0.0003
935  0.0007
936  0.0002
937  0.0002
938  0.0002
939  0.0008
940  0.0004
941  0.0006
942  0.0005
943  0.0008
944  0.0002
945  0.0007
946  0.0004
947  0.0008
948  0.0005
949  0.0004
950  0.0005
951  0.0005
952  0.0004
953  0.0002
954  0.0004
955  0.0004
956  0.0005
957  0.0003
958  0.0002
959  0.0003
960  0.0002
961  0.0006
962  0.0004
963  0.0004
964  0.0003
965  0.0004
966  0.0003
967  0.0005
968  0.0006
969  0.0007
970  0.001
971  0.0001
972  0.0005
973  0.0007
974  0.0006
975  0.0004
976  0.0005
977  0.0005
978  0.0003
979  0.0009
980  0.0004
981  0.0002
982  0.0006
983  0.0002
984  0.0001
985  0.0006
986  0.0002
987  0.0005
988  0.0005
989  0.0006
990  0.0006
991  0.0009
992  0.0003
993  0.0004
994  0.0007
995  0.0004
996  0.0004
997  0.0008
998  0.0012
999  0.001
1000  0.0007
1001  0.0009
1002  0.0007
1003  0.0008
1004  0.0003
1005  0.0009
1006  0.0001
1007  0.0004
1008  0.0005
1009  0.0011
1010  0.0007
1011  0.0004
1012  0.0007
1013  0.0005
1014  0.0006
1015  0.0005
1016  0.0007
1017  0.0007
1018  0.0006
1019  0.0008
1020  0.001
1021  0.0006
1022  0.0004
1023  0.001
1024  0.0002
1025  0.001
1026  0.0006
1027  0.0006
1028  0.0008
1029  0.0015
1030  0.0011
1031  0.0007
1032  0.0008
1033  0.0012
1034  0.0007
1035  0.0003
1036  0.0002
1037  0.0005
1038  0.001
1039  0.0011
1040  0.0007
1041  0.0009
1042  0.0003
1043  0.0006
1044  0.0008
1045  0.0006
1046  0.0007
1047  0.0014
1048  0.0008
1049  0.0004
1050  0.0005
1051  0.0007
1052  0.0004
1053  0.0004
1054  0.0008
1055  0.0008
1056  0.0006
1057  0.0005
1058  0.0005
1059  0.0005
1060  0.0008
1061  0.0004
1062  0.0009
1063  0.001
1064  0.001
1065  0.0004
1066  0.0004
1067  0.0008
1068  0.0008
1069  0.0007
1070  0.0012
1071  0.0009
1072  0.0006
1073  0.0004
1074  0.0008
1075  0.0011
1076  0.0008
1077  0.0008
1078  0.0006
1079  0.0012
1080  0.001
1081  0.0014
1082  0.0005
1083  0.0006
1084  0.001
1085  0.0005
1086  0.0014
1087  0.0009
1088  0.0008
1089  0.0006
1090  0.0009
1091  0.0004
1092  0.0004
1093  0.0016
1094  0.0006
1095  0.0009
1096  0.0007
1097  0.0013
1098  0.001
1099  0.0008
1100  0.0016
1101  0.0009
1102  0.0008
1103  0.0009
1104  0.0008
1105  0.0013
1106  0.0004
1107  0.0007
1108  0.0014
1109  0.0008
1110  0.0013
1111  0.001
1112  0.001
1113  0.0008
1114  0.0011
1115  0.0016
1116  0.0011
1117  0.001
1118  0.0013
1119  0.0013
1120  0.0015
1121  0.0009
1122  0.0007
1123  0.0012
1124  0.0008
1125  0.0007
1126  0.0009
1127  0.0008
1128  0.0008
1129  0.0013
1130  0.0012
1131  0.0012
1132  0.0013
1133  0.0013
1134  0.0009
1135  0.0019
1136  0.0013
1137  0.0005
1138  0.0018
1139  0.0008
1140  0.0013
1141  0.0007
1142  0.0012
1143  0.0014
1144  0.0016
1145  0.0015
1146  0.0014
1147  0.0013
1148  0.0019
1149  0.0018
1150  0.0015
1151  0.0009
1152  0.0016
1153  0.001
1154  0.0016
1155  0.0012
1156  0.0013
1157  0.0017
1158  0.0012
1159  0.001
1160  0.0008
1161  0.0012
1162  0.0022
1163  0.0015
1164  0.0012
1165  0.0014
1166  0.0007
1167  0.0014
1168  0.0018
1169  0.0011
1170  0.0014
1171  0.002
1172  0.0018
1173  0.0016
1174  0.0012
1175  0.0016
1176  0.0013
1177  0.0017
1178  0.002
1179  0.0016
1180  0.0011
1181  0.0014
1182  0.0017
1183  0.0012
1184  0.0016
1185  0.0017
1186  0.0019
1187  0.0024
1188  0.001
1189  0.002
1190  0.0017
1191  0.0023
1192  0.0012
1193  0.0016
1194  0.002
1195  0.0017
1196  0.0019
1197  0.0012
1198  0.0013
1199  0.0015
1200  0.0019
1201  0.0015
1202  0.0016
1203  0.0014
1204  0.0021
1205  0.0019
1206  0.0023
1207  0.0019
1208  0.0019
1209  0.0022
1210  0.002
1211  0.0021
1212  0.0013
1213  0.0014
1214  0.0018
1215  0.002
1216  0.0031
1217  0.0015
1218  0.0018
1219  0.0017
1220  0.0021
1221  0.0019
1222  0.0015
1223  0.0016
1224  0.002
1225  0.0019
1226  0.0025
1227  0.0028
1228  0.0022
1229  0.0023
1230  0.002
1231  0.002
1232  0.002
1233  0.0014
1234  0.0021
1235  0.0014
1236  0.0013
1237  0.002
1238  0.0018
1239  0.0024
1240  0.0014
1241  0.0018
1242  0.0027
1243  0.0024
1244  0.0024
1245  0.0021
1246  0.0021
1247  0.0025
1248  0.0023
1249  0.0028
1250  0.0024
1251  0.0026
1252  0.0023
1253  0.0027
1254  0.0023
1255  0.0022
1256  0.0029
1257  0.0023
1258  0.0013
1259  0.0023
1260  0.0026
1261  0.0023
1262  0.0024
1263  0.0018
1264  0.0033
1265  0.0031
1266  0.0023
1267  0.0024
1268  0.0022
1269  0.0025
1270  0.002
1271  0.0021
1272  0.0024
1273  0.0026
1274  0.0029
1275  0.0024
1276  0.0018
1277  0.0021
1278  0.0028
1279  0.0031
1280  0.0027
1281  0.0023
1282  0.0036
1283  0.0023
1284  0.0026
1285  0.003
1286  0.0022
1287  0.0025
1288  0.003
1289  0.0036
1290  0.0028
1291  0.002
1292  0.0033
1293  0.0021
1294  0.0029
1295  0.0032
1296  0.0024
1297  0.0022
1298  0.0028
1299  0.0025
1300  0.0022
1301  0.0014
1302  0.0022
1303  0.0019
1304  0.0032
1305  0.0026
1306  0.0024
1307  0.0028
1308  0.002
1309  0.003
1310  0.0019
1311  0.0036
1312  0.0042
1313  0.0035
1314  0.0034
1315  0.0035
1316  0.0029
1317  0.0036
1318  0.0031
1319  0.0039
1320  0.0021
1321  0.0028
1322  0.0028
1323  0.0031
1324  0.0023
1325  0.0032
1326  0.0033
1327  0.0031
1328  0.0033
1329  0.0035
1330  0.0034
1331  0.0041
1332  0.0026
1333  0.0032
1334  0.0024
1335  0.0034
1336  0.0026
1337  0.0033
1338  0.0024
1339  0.0039
1340  0.0032
1341  0.0033
1342  0.0032
1343  0.0022
1344  0.0027
1345  0.0025
1346  0.0028
1347  0.0028
1348  0.0034
1349  0.0028
1350  0.0031
1351  0.0029
1352  0.0033
1353  0.0023
1354  0.0033
1355  0.0034
1356  0.0035
1357  0.003
1358  0.0032
1359  0.003
1360  0.0023
1361  0.0032
1362  0.0032
1363  0.0032
1364  0.0029
1365  0.0036
1366  0.0031
1367  0.0029
1368  0.0036
1369  0.0034
1370  0.0029
1371  0.0037
1372  0.0021
1373  0.0036
1374  0.0037
1375  0.0033
1376  0.003
1377  0.0023
1378  0.0032
1379  0.0027
1380  0.0028
1381  0.0031
1382  0.0021
1383  0.0023
1384  0.0036
1385  0.0025
1386  0.0021
1387  0.0036
1388  0.0017
1389  0.0027
1390  0.0021
1391  0.0024
1392  0.0027
1393  0.0027
1394  0.0026
1395  0.0026
1396  0.0018
1397  0.0019
1398  0.0017
1399  0.0029
1400  0.0029
1401  0.002
1402  0.003
1403  0.0033
1404  0.0025
1405  0.0032
1406  0.0024
1407  0.0022
1408  0.0018
1409  0.0019
1410  0.0026
1411  0.002
1412  0.0023
1413  0.0028
1414  0.0023
1415  0.0016
1416  0.0026
1417  0.0021
1418  0.0019
1419  0.0023
1420  0.0017
1421  0.0019
1422  0.0017
1423  0.0019
1424  0.0023
1425  0.002
1426  0.0014
1427  0.0016
1428  0.0019
1429  0.002
1430  0.002
1431  0.0016
1432  0.0013
1433  0.001
1434  0.0014
1435  0.0011
1436  0.0015
1437  0.0017
1438  0.0013
1439  0.0007
1440  0.001
1441  0.0014
1442  0.0018
1443  0.0009
1444  0.0018
1445  0.0016
1446  0.0014
1447  0.0013
1448  0.0018
1449  0.0009
1450  0.0012
1451  0.0012
1452  0.0011
1453  0.0006
1454  0.0008
1455  0.0011
1456  0.0008
1457  0.0006
1458  0.0011
1459  0.0005
1460  0.001
1461  0.0009
1462  0.0006
1463  0.0005
1464  0.0012
1465  0.0006
1466  0.0002
1467  0.0006
1468  0.0002
1469  0.0008
1470  0.0009
1471  0.0005
1472  0.0002
1473  0.0002
1474  0.0003
1475  0.0006
1476  0.0004
1477  0.0009
1478  0.0005
1479  0.0007
1480  0.0003
1481  0.0005
1482  0.0003
1484  0.0001
1485  0.0005
1486  0.0003
1487  0.0003
1488  0.0005
1489  0.0002
1490  0.0004
1491  0.0003
1493  0.0002
1494  0.0002
1495  0.0004
1496  0.0001
1497  0.0002
1498  0.0001
1499  0.0003
1500  0.0001
1501  0.0005
1502  0.0001
1503  0.0003
1504  0.0001
1506  0.0002
1507  0.0001
1509  0.0001
1511  0.0002
1512  0.0001
1516  0.0001
1520  0.0001
1524  0.0002
1526  0.0001
1527  0.0001
1529  0.0001
1536  0.0001
