1  107.888
2  63.8467
3  29.4872
4  18.1002
5  11.7703
6  8.0101
7  5.7017
8  4.1763
9  3.0636
10  2.3059
11  1.7775
12  1.354
13  1.0617
14  0.8268
15  0.645
16  0.5264
17  0.4068
18  0.3155
19  0.2547
20  0.2066
21  0.1706
22  0.1401
23  0.1097
24  0.0865
25  0.0705
26  0.0591
27  0.0498
28  0.0362
29  0.0345
30  0.0254
31  0.0224
32  0.019
33  0.0175
34  0.0112
35  0.0074
36  0.0084
37  0.0082
38  0.0071
39  0.0045
40  0.0034
41  0.0027
42  0.0019
43  0.0021
44  0.0015
45  0.0015
46  0.0014
47  0.0006
48  0.0011
49  0.0011
50  0.0005
51  0.0005
52  0.0007
53  0.0002
54  0.0002
55  0.0002
56  0.0001
61  0.0001
62  0.0003
64  0.0002
66  0.0002
67  0.0003
68  0.0001
69  0.0005
70  0.001
71  0.0008
72  0.001
73  0.0019
74  0.002
75  0.0023
76  0.0045
77  0.0053
78  0.0068
79  0.0097
80  0.0103
81  0.0126
82  0.0147
83  0.0173
84  0.0212
85  0.0222
86  0.0272
87  0.031
88  0.0315
89  0.0355
90  0.04
91  0.0443
92  0.0456
93  0.0435
94  0.0452
95  0.044
96  0.0451
97  0.0422
98  0.0424
99  0.0417
100  0.0362
101  0.0387
102  0.0336
103  0.0318
104  0.0249
105  0.0245
106  0.0205
107  0.0191
108  0.0155
109  0.0131
110  0.0112
111  0.0072
112  0.0059
113  0.0069
114  0.0036
115  0.0035
116  0.0031
117  0.0019
118  0.0017
119  0.0008
120  0.0007
121  0.0005
122  0.0003
123  0.0006
124  0.0003
125  0.0001
127  0.0002
128  0.0001
