1  32.024
2  24.8877
3  10.5577
4  7.1204
5  4.9744
6  3.6937
7  2.9018
8  2.3682
9  1.9494
10  1.6834
11  1.4294
12  1.2471
13  1.0877
14  0.9786
15  0.8676
16  0.7708
17  0.7062
18  0.6503
19  0.5848
20  0.5546
21  0.4895
22  0.4737
23  0.4246
24  0.4061
25  0.384
26  0.3573
27  0.3303
28  0.3211
29  0.2951
30  0.2893
31  0.2715
32  0.2435
33  0.2332
34  0.2347
35  0.2155
36  0.2064
37  0.199
38  0.1852
39  0.181
40  0.1764
41  0.1703
42  0.1574
43  0.1541
44  0.1488
45  0.1403
46  0.1344
47  0.128
48  0.1305
49  0.1215
50  0.1146
51  0.1126
52  0.1061
53  0.1026
54  0.1082
55  0.101
56  0.0943
57  0.0915
58  0.0862
59  0.0835
60  0.0861
61  0.0779
62  0.0827
63  0.0761
64  0.0765
65  0.07
66  0.0722
67  0.0685
68  0.0684
69  0.0666
70  0.066
71  0.0611
72  0.0639
73  0.0665
74  0.0585
75  0.0602
76  0.0539
77  0.0526
78  0.0541
79  0.0499
80  0.0542
81  0.0481
82  0.0431
83  0.0474
84  0.0443
85  0.0434
86  0.0407
87  0.0443
88  0.0408
89  0.0416
90  0.0378
91  0.0383
92  0.0385
93  0.0389
94  0.0375
95  0.0357
96  0.0335
97  0.03
98  0.0288
99  0.0341
100  0.031
101  0.0306
102  0.0359
103  0.0305
104  0.0282
105  0.0295
106  0.0306
107  0.0291
108  0.0273
109  0.0284
110  0.0288
111  0.0273
112  0.0276
113  0.0264
114  0.0253
115  0.0292
116  0.0264
117  0.0299
118  0.0251
119  0.0245
120  0.026
121  0.0277
122  0.0281
123  0.0289
124  0.0301
125  0.0368
126  0.038
127  0.0356
128  0.0379
129  0.0438
130  0.0453
131  0.0438
132  0.048
133  0.0504
134  0.0507
135  0.0527
136  0.0509
137  0.0592
138  0.0585
139  0.0536
140  0.0568
141  0.0504
142  0.0557
143  0.0518
144  0.0556
145  0.0524
146  0.046
147  0.0422
148  0.0461
149  0.0366
150  0.0356
151  0.0388
152  0.0322
153  0.0301
154  0.029
155  0.0269
156  0.0227
157  0.0229
158  0.0228
159  0.0188
160  0.0199
161  0.0154
162  0.0137
163  0.0147
164  0.0134
165  0.0115
166  0.0126
167  0.0137
168  0.0122
169  0.0105
170  0.0126
171  0.0099
172  0.0108
173  0.0091
174  0.0096
175  0.0114
176  0.0109
177  0.009
178  0.0098
179  0.0076
180  0.0077
181  0.0087
182  0.0089
183  0.0093
184  0.0079
185  0.007
186  0.009
187  0.009
188  0.0085
189  0.0073
190  0.0096
191  0.0096
192  0.0069
193  0.0077
194  0.0074
195  0.0098
196  0.0074
197  0.0084
198  0.0063
199  0.0064
200  0.008
201  0.0065
202  0.0082
203  0.0069
204  0.0073
205  0.0071
206  0.0056
207  0.0063
208  0.0056
209  0.0062
210  0.0068
211  0.0075
212  0.0061
213  0.0071
214  0.0074
215  0.0066
216  0.0054
217  0.0054
218  0.0059
219  0.006
220  0.0053
221  0.0059
222  0.0051
223  0.0053
224  0.0053
225  0.0048
226  0.0056
227  0.0042
228  0.0047
229  0.006
230  0.0051
231  0.0057
232  0.0057
233  0.0057
234  0.0056
235  0.0059
236  0.0046
237  0.0049
238  0.0038
239  0.0042
240  0.0037
241  0.0046
242  0.0043
243  0.0044
244  0.0048
245  0.0051
246  0.004
247  0.0039
248  0.0036
249  0.0033
250  0.0038
251  0.0045
252  0.0045
253  0.0036
254  0.0042
255  0.0031
256  0.0035
257  0.0038
258  0.005
259  0.0037
260  0.003
261  0.0041
262  0.0028
263  0.0041
264  0.0041
265  0.0041
266  0.0028
267  0.0032
268  0.0031
269  0.0023
270  0.0032
271  0.0034
272  0.0047
273  0.0033
274  0.0036
275  0.0032
276  0.0034
277  0.0032
278  0.0032
279  0.0032
280  0.003
281  0.0036
282  0.0028
283  0.0025
284  0.0031
285  0.0033
286  0.0037
287  0.0019
288  0.0023
289  0.0028
290  0.0027
291  0.002
292  0.0022
293  0.0035
294  0.0036
295  0.002
296  0.0027
297  0.0019
298  0.0019
299  0.0019
300  0.0027
301  0.0021
302  0.0021
303  0.0023
304  0.002
305  0.0014
306  0.0025
307  0.0019
308  0.0014
309  0.0027
310  0.0024
311  0.0015
312  0.002
313  0.0016
314  0.0013
315  0.002
316  0.0019
317  0.0014
318  0.0021
319  0.0015
320  0.0014
321  0.0024
322  0.0017
323  0.002
324  0.0028
325  0.0023
326  0.0016
327  0.0022
328  0.0023
329  0.0021
330  0.0013
331  0.0024
332  0.0023
333  0.0014
334  0.0025
335  0.0013
336  0.0019
337  0.0016
338  0.0015
339  0.0018
340  0.0011
341  0.0022
342  0.0014
343  0.0018
344  0.0011
345  0.0013
346  0.0018
347  0.0015
348  0.0018
349  0.0014
350  0.0018
351  0.0023
352  0.0015
353  0.002
354  0.0011
355  0.0018
356  0.0015
357  0.0019
358  0.0013
359  0.0017
360  0.0012
361  0.0008
362  0.0015
363  0.0008
364  0.0016
365  0.0009
366  0.0021
367  0.0014
368  0.0013
369  0.0013
370  0.0011
371  0.0008
372  0.0012
373  0.0009
374  0.0011
375  0.0004
376  0.0016
377  0.001
378  0.0014
379  0.001
380  0.0014
381  0.0011
382  0.0008
383  0.0012
384  0.001
385  0.0006
386  0.0012
387  0.0012
388  0.0018
389  0.0009
390  0.0011
391  0.0009
392  0.001
393  0.001
394  0.0005
395  0.0009
396  0.001
397  0.0011
398  0.0007
399  0.0015
400  0.0012
401  0.0008
402  0.0008
403  0.0006
404  0.0011
405  0.0007
406  0.0014
407  0.0009
408  0.001
409  0.0005
410  0.0004
411  0.0011
412  0.0005
413  0.0005
414  0.0006
415  0.0011
416  0.001
417  0.0011
418  0.0007
419  0.0008
420  0.0004
421  0.0004
422  0.0003
423  0.0005
424  0.0002
426  0.0008
427  0.0006
428  0.0006
429  0.0007
430  0.0009
431  0.0009
432  0.0004
433  0.001
434  0.0011
435  0.0006
436  0.0005
437  0.0005
438  0.0003
439  0.0003
440  0.0005
441  0.0005
442  0.0006
443  0.0006
444  0.0003
445  0.0008
446  0.0009
447  0.0004
448  0.0005
449  0.0002
450  0.0008
451  0.0006
452  0.0005
453  0.0007
454  0.0002
455  0.0003
456  0.0011
457  0.0008
458  0.0005
459  0.0004
460  0.0004
461  0.0003
462  0.0004
463  0.0007
464  0.0002
465  0.0007
466  0.0008
467  0.0007
468  0.001
469  0.0003
470  0.0009
471  0.0008
472  0.0002
473  0.0005
474  0.0002
475  0.0006
476  0.0001
477  0.0004
478  0.0003
479  0.0006
480  0.0004
481  0.0005
482  0.0004
483  0.0007
484  0.0006
485  0.0003
486  0.0005
487  0.0008
488  0.0004
489  0.0002
490  0.0004
491  0.0003
492  0.0004
494  0.0003
495  0.0001
496  0.0004
497  0.0002
498  0.0003
499  0.0004
500  0.0003
501  0.0003
502  0.0002
503  0.0002
504  0.0007
505  0.0003
506  0.0005
507  0.0002
508  0.0003
509  0.0003
510  0.0005
512  0.0004
513  0.0003
514  0.0004
515  0.0003
517  0.0005
518  0.0001
519  0.0004
520  0.0006
521  0.0005
522  0.0001
523  0.0002
524  0.0001
525  0.0002
527  0.0002
528  0.0005
529  0.0003
530  0.0001
531  0.0003
532  0.0002
533  0.0003
534  0.0001
535  0.0004
536  0.0001
538  0.0001
539  0.0001
540  0.0003
541  0.0002
542  0.0003
543  0.0002
545  0.0002
546  0.0003
547  0.0001
548  0.0001
549  0.0001
550  0.0003
551  0.0001
552  0.0001
553  0.0002
554  0.0004
555  0.0004
556  0.0005
557  0.0002
558  0.0001
560  0.0001
561  0.0002
562  0.0001
563  0.0001
564  0.0001
565  0.0002
566  0.0002
567  0.0002
568  0.0002
569  0.0001
570  0.0002
571  0.0004
573  0.0002
576  0.0001
577  0.0002
578  0.0001
579  0.0001
580  0.0001
582  0.0001
584  0.0002
585  0.0002
587  0.0003
588  0.0003
589  0.0002
590  0.0003
591  0.0002
594  0.0001
595  0.0002
596  0.0002
597  0.0001
598  0.0003
599  0.0001
601  0.0004
602  0.0001
604  0.0002
605  0.0001
606  0.0005
607  0.0001
608  0.0001
609  0.0001
611  0.0001
612  0.0001
614  0.0002
615  0.0001
617  0.0001
618  0.0001
621  0.0001
622  0.0001
623  0.0002
627  0.0001
628  0.0002
630  0.0001
632  0.0001
634  0.0001
636  0.0001
640  0.0002
643  0.0001
646  0.0002
647  0.0001
648  0.0002
651  0.0002
652  0.0002
654  0.0002
657  0.0001
659  0.0001
660  0.0002
662  0.0001
665  0.0001
672  0.0001
673  0.0001
680  0.0001
684  0.0001
687  0.0001
689  0.0002
701  0.0001
704  0.0001
708  0.0001
709  0.0001
714  0.0002
715  0.0001
716  0.0001
731  0.0001
733  0.0002
734  0.0001
738  0.0001
748  0.0001
755  0.0001
756  0.0001
778  0.0001
783  0.0001
878  0.0001
898  0.0001
