1  2.4738
2  1.8665
3  0.8491
4  0.6862
5  0.5783
6  0.4711
7  0.3881
8  0.2875
9  0.2139
10  0.1604
11  0.1268
12  0.1076
13  0.0908
14  0.0742
15  0.0763
16  0.0664
17  0.0596
18  0.058
19  0.0482
20  0.0508
21  0.043
22  0.0385
23  0.0394
24  0.037
25  0.0378
26  0.0287
27  0.0298
28  0.0279
29  0.0258
30  0.0241
31  0.0207
32  0.0196
33  0.0224
34  0.02
35  0.0175
36  0.0167
37  0.0161
38  0.0151
39  0.0114
40  0.0107
41  0.0136
42  0.012
43  0.0093
44  0.0092
45  0.008
46  0.0085
47  0.0067
48  0.0065
49  0.0059
50  0.0058
51  0.0048
52  0.0034
53  0.0038
54  0.0031
55  0.0026
56  0.0024
57  0.0025
58  0.0016
59  0.0019
60  0.0005
61  0.0009
62  0.0006
63  0.0002
64  0.0003
65  0.0002
66  0.0001
67  0.0001
68  0.0001
69  0.0002
