1  145.392
2  65.2038
3  25.5695
4  12.6561
5  6.5839
6  3.6415
7  2.0441
8  1.1747
9  0.6997
10  0.4164
11  0.2519
12  0.1538
13  0.0997
14  0.0622
15  0.0364
16  0.0214
17  0.0149
18  0.0097
19  0.0055
20  0.0036
21  0.0026
22  0.0016
23  0.0008
24  0.0006
25  0.0006
26  0.0002
27  0.0002
28  0.0001
31  0.0002
33  0.0003
34  0.0002
35  0.0005
36  0.0005
37  0.0016
38  0.0024
39  0.0028
40  0.0032
41  0.0057
42  0.0076
43  0.0106
44  0.0145
45  0.0162
46  0.0218
47  0.0277
48  0.0302
49  0.0403
50  0.0411
51  0.043
52  0.0552
53  0.0526
54  0.0578
55  0.0593
56  0.0517
57  0.0574
58  0.0577
59  0.0542
60  0.0443
61  0.0427
62  0.0384
63  0.032
64  0.0257
65  0.0242
66  0.0191
67  0.0136
68  0.0102
69  0.0097
70  0.0079
71  0.0051
72  0.0037
73  0.0025
74  0.0014
75  0.0008
76  0.0009
77  0.0009
78  0.0003
79  0.0001
81  0.0001
83  0.0001
87  0.0001
