1  42.6958
2  35.6561
3  12.0188
4  7.6287
5  4.8673
6  3.3765
7  2.4875
8  1.8999
9  1.4986
10  1.2216
11  0.9915
12  0.8412
13  0.718
14  0.6169
15  0.5308
16  0.4548
17  0.4174
18  0.36
19  0.3255
20  0.2976
21  0.262
22  0.2346
23  0.2222
24  0.1971
25  0.1871
26  0.1703
27  0.1584
28  0.1531
29  0.1406
30  0.125
31  0.1176
32  0.1089
33  0.0995
34  0.0923
35  0.0912
36  0.0846
37  0.0803
38  0.0744
39  0.0743
40  0.0694
41  0.0661
42  0.0604
43  0.0603
44  0.0557
45  0.0478
46  0.0519
47  0.0476
48  0.0479
49  0.0454
50  0.0428
51  0.0415
52  0.036
53  0.0336
54  0.0362
55  0.0348
56  0.0327
57  0.0318
58  0.0314
59  0.0281
60  0.0298
61  0.03
62  0.0269
63  0.026
64  0.0228
65  0.0219
66  0.022
67  0.0211
68  0.0195
69  0.0191
70  0.0202
71  0.0216
72  0.0188
73  0.0177
74  0.0172
75  0.0191
76  0.0183
77  0.0137
78  0.0134
79  0.0151
80  0.0142
81  0.0137
82  0.0182
83  0.0137
84  0.013
85  0.012
86  0.0131
87  0.0122
88  0.0131
89  0.0126
90  0.0129
91  0.0118
92  0.0107
93  0.0097
94  0.0103
95  0.0093
96  0.0085
97  0.0092
98  0.0109
99  0.0093
100  0.009
101  0.0102
102  0.0081
103  0.0085
104  0.0089
105  0.0058
106  0.0086
107  0.0097
108  0.0076
109  0.0074
110  0.0072
111  0.0065
112  0.007
113  0.0071
114  0.0068
115  0.0074
116  0.0054
117  0.0076
118  0.0075
119  0.0062
120  0.0058
121  0.0067
122  0.006
123  0.0057
124  0.0059
125  0.0058
126  0.0056
127  0.0044
128  0.0053
129  0.0054
130  0.0046
131  0.0052
132  0.0039
133  0.0036
134  0.0038
135  0.0039
136  0.0045
137  0.0056
138  0.004
139  0.0039
140  0.0042
141  0.0044
142  0.0036
143  0.0048
144  0.003
145  0.0028
146  0.0046
147  0.0048
148  0.0033
149  0.0041
150  0.0039
151  0.0026
152  0.0046
153  0.003
154  0.0027
155  0.004
156  0.0035
157  0.0035
158  0.0032
159  0.0031
160  0.0033
161  0.0019
162  0.0038
163  0.0033
164  0.0026
165  0.003
166  0.003
167  0.0018
168  0.0033
169  0.003
170  0.0019
171  0.0034
172  0.0026
173  0.0029
174  0.0024
175  0.0031
176  0.002
177  0.0035
178  0.0023
179  0.0034
180  0.0028
181  0.0026
182  0.0022
183  0.0018
184  0.0018
185  0.0021
186  0.0019
187  0.0023
188  0.0028
189  0.003
190  0.0023
191  0.0024
192  0.0021
193  0.0022
194  0.002
195  0.0027
196  0.0021
197  0.0022
198  0.0021
199  0.0017
200  0.0026
201  0.0016
202  0.0016
203  0.002
204  0.0015
205  0.0017
206  0.0022
207  0.0021
208  0.0021
209  0.002
210  0.0016
211  0.0014
212  0.0017
213  0.0014
214  0.0013
215  0.0015
216  0.0023
217  0.0025
218  0.0012
219  0.0014
220  0.0011
221  0.0015
222  0.0015
223  0.0021
224  0.002
225  0.0021
226  0.0007
227  0.001
228  0.0019
229  0.0011
230  0.0013
231  0.0019
232  0.0013
233  0.0013
234  0.0015
235  0.002
236  0.0008
237  0.0013
238  0.0017
239  0.0014
240  0.0011
241  0.0013
242  0.0015
243  0.0011
244  0.001
245  0.0008
246  0.0008
247  0.0006
248  0.0015
249  0.0015
250  0.0014
251  0.0019
252  0.0011
253  0.0013
254  0.0013
255  0.0012
256  0.0014
257  0.0014
258  0.0016
259  0.0011
260  0.0011
261  0.0018
262  0.0009
263  0.0011
264  0.0005
265  0.001
266  0.0011
267  0.0013
268  0.0011
269  0.0016
270  0.001
271  0.0007
272  0.0006
273  0.001
274  0.0008
275  0.001
276  0.0004
277  0.0013
278  0.0013
279  0.0008
280  0.0006
281  0.0009
282  0.0014
283  0.0006
284  0.0007
285  0.0007
286  0.0011
287  0.0009
288  0.0009
289  0.0006
290  0.0012
291  0.0012
292  0.0003
293  0.0009
294  0.0009
295  0.001
296  0.0012
297  0.0012
298  0.001
299  0.0007
300  0.0005
301  0.0006
302  0.0005
303  0.0013
304  0.0007
305  0.0012
306  0.0011
307  0.0006
308  0.0007
309  0.0008
310  0.0006
311  0.0009
312  0.001
313  0.0006
314  0.0006
315  0.0006
316  0.0009
317  0.0005
318  0.0008
319  0.0012
320  0.0004
321  0.0006
322  0.0008
323  0.001
324  0.0005
325  0.0008
326  0.0009
327  0.0007
328  0.001
329  0.0004
330  0.0005
331  0.0007
332  0.0007
333  0.0005
334  0.0007
335  0.0005
336  0.0006
337  0.0008
338  0.0007
339  0.0009
340  0.0004
341  0.0006
342  0.0006
343  0.0006
344  0.0006
345  0.0006
346  0.0007
347  0.0005
348  0.0007
349  0.001
350  0.0007
351  0.0009
352  0.0004
353  0.0003
354  0.0002
355  0.0004
356  0.0005
357  0.0002
358  0.0003
359  0.0004
360  0.0005
361  0.0004
362  0.0004
363  0.0005
364  0.0005
365  0.0006
366  0.0005
367  0.0005
368  0.0006
369  0.0005
370  0.0004
371  0.0001
372  0.0001
373  0.0005
374  0.0008
375  0.0003
376  0.0007
377  0.0006
378  0.0004
379  0.0005
380  0.0003
381  0.0006
382  0.0003
383  0.0007
384  0.0003
385  0.0008
386  0.0004
387  0.0003
388  0.0004
389  0.0003
390  0.0004
391  0.0007
392  0.0006
393  0.0003
394  0.0002
395  0.0007
396  0.0005
397  0.0006
398  0.0005
399  0.0005
400  0.0005
401  0.0005
402  0.0005
403  0.0004
404  0.0002
405  0.0003
406  0.0003
407  0.0004
408  0.0005
409  0.0002
410  0.0003
411  0.0006
412  0.0006
413  0.0006
414  0.0005
415  0.0006
416  0.0003
417  0.0004
419  0.0004
420  0.0006
421  0.0005
422  0.0005
423  0.0003
424  0.0002
425  0.0006
426  0.0002
427  0.0007
428  0.0007
429  0.0004
430  0.0001
431  0.0003
432  0.0008
433  0.0001
434  0.0004
435  0.0004
436  0.0004
437  0.0007
438  0.0002
439  0.0006
440  0.0003
441  0.0006
442  0.0004
443  0.0003
444  0.0003
445  0.0006
446  0.0001
447  0.0003
448  0.0003
449  0.0007
450  0.0004
452  0.0001
453  0.0002
454  0.0003
455  0.0003
456  0.0002
457  0.0004
459  0.0002
460  0.0003
461  0.0005
462  0.0004
463  0.0004
464  0.0005
465  0.0008
466  0.0005
467  0.0007
468  0.0003
469  0.0002
470  0.0007
471  0.0005
472  0.0009
473  0.0013
474  0.0007
475  0.001
476  0.0007
477  0.0007
478  0.0008
479  0.0007
480  0.0011
481  0.0016
482  0.002
483  0.0021
484  0.0021
485  0.0024
486  0.0032
487  0.003
488  0.0019
489  0.0032
490  0.0027
491  0.003
492  0.003
493  0.0048
494  0.0049
495  0.0049
496  0.0068
497  0.0053
498  0.0069
499  0.0064
500  0.0088
501  0.0074
502  0.0098
503  0.0096
504  0.0094
505  0.0109
506  0.0126
507  0.0139
508  0.0126
509  0.012
510  0.0132
511  0.0139
512  0.0137
513  0.0131
514  0.0163
515  0.0172
516  0.0143
517  0.0171
518  0.0182
519  0.0196
520  0.0161
521  0.0154
522  0.018
523  0.0215
524  0.0206
525  0.0196
526  0.0193
527  0.0213
528  0.0198
529  0.0194
530  0.0184
531  0.0199
532  0.0213
533  0.0173
534  0.0196
535  0.0231
536  0.0158
537  0.0197
538  0.0198
539  0.0187
540  0.0172
541  0.0168
542  0.0157
543  0.0151
544  0.0172
545  0.0163
546  0.0148
547  0.0142
548  0.0116
549  0.0123
550  0.0098
551  0.0088
552  0.0105
553  0.0099
554  0.0089
555  0.0076
556  0.0101
557  0.0083
558  0.0083
559  0.0057
560  0.0061
561  0.005
562  0.0053
563  0.0053
564  0.0031
565  0.004
566  0.0045
567  0.003
568  0.0028
569  0.0026
570  0.0022
571  0.0023
572  0.0021
573  0.0016
574  0.0006
575  0.0012
576  0.0015
577  0.001
578  0.0007
579  0.0006
580  0.0004
581  0.001
582  0.0008
583  0.0005
584  0.0004
585  0.0005
586  0.0004
587  0.0003
588  0.0004
589  0.0004
590  0.0005
592  0.0002
593  0.0002
594  0.0003
595  0.0004
596  0.0004
597  0.0006
598  0.0002
599  0.0002
600  0.0002
601  0.0002
602  0.0001
603  0.0001
604  0.0003
606  0.0003
607  0.0003
608  0.0003
609  0.0003
610  0.0001
611  0.0002
612  0.0001
613  0.0001
614  0.0003
615  0.0003
616  0.0003
617  0.0001
618  0.0002
619  0.0001
622  0.0002
624  0.0002
625  0.0002
626  0.0001
627  0.0002
628  0.0001
629  0.0002
630  0.0001
631  0.0002
632  0.0002
633  0.0002
634  0.0002
635  0.0002
636  0.0004
638  0.0001
639  0.0001
640  0.0001
641  0.0004
642  0.0006
643  0.0001
644  0.0001
645  0.0002
646  0.0003
647  0.0001
648  0.0002
651  0.0001
652  0.0006
653  0.0002
654  0.0003
655  0.0001
656  0.0005
659  0.0003
660  0.0001
661  0.0001
662  0.0002
664  0.0002
665  0.0002
666  0.0005
667  0.0001
668  0.0001
669  0.0002
670  0.0001
671  0.0002
672  0.0003
673  0.0001
675  0.0002
679  0.0002
680  0.0004
681  0.0001
683  0.0001
684  0.0008
685  0.0001
687  0.0001
688  0.0002
689  0.0002
690  0.0003
691  0.0001
693  0.0001
695  0.0001
696  0.0001
697  0.0001
699  0.0001
700  0.0003
701  0.0001
702  0.0001
703  0.0001
704  0.0001
705  0.0002
706  0.0002
709  0.0001
713  0.0001
714  0.0001
715  0.0002
716  0.0001
718  0.0002
719  0.0002
720  0.0001
722  0.0003
723  0.0001
724  0.0003
725  0.0001
726  0.0001
727  0.0002
728  0.0003
730  0.0003
731  0.0001
732  0.0001
733  0.0002
736  0.0001
737  0.0002
738  0.0003
739  0.0002
741  0.0001
744  0.0003
746  0.0001
747  0.0004
748  0.0002
749  0.0002
751  0.0001
753  0.0002
755  0.0003
757  0.0001
759  0.0001
760  0.0002
761  0.0002
763  0.0002
765  0.0002
767  0.0001
768  0.0001
769  0.0001
770  0.0001
774  0.0001
775  0.0002
777  0.0001
778  0.0001
780  0.0001
781  0.0001
782  0.0002
783  0.0002
784  0.0001
789  0.0001
790  0.0002
792  0.0001
795  0.0002
796  0.0001
797  0.0001
799  0.0001
800  0.0002
801  0.0001
803  0.0001
804  0.0002
808  0.0001
809  0.0002
810  0.0001
812  0.0001
813  0.0001
814  0.0001
816  0.0002
817  0.0001
818  0.0001
819  0.0001
821  0.0001
822  0.0001
823  0.0001
827  0.0001
828  0.0001
833  0.0002
835  0.0002
836  0.0001
838  0.0001
839  0.0001
843  0.0001
847  0.0001
849  0.0001
852  0.0002
853  0.0001
856  0.0001
858  0.0002
860  0.0001
861  0.0001
862  0.0001
863  0.0001
864  0.0002
867  0.0001
869  0.0001
871  0.0002
872  0.0001
873  0.0002
876  0.0002
877  0.0001
879  0.0001
881  0.0002
882  0.0002
883  0.0003
884  0.0002
886  0.0002
887  0.0001
890  0.0001
891  0.0001
893  0.0001
894  0.0001
895  0.0001
896  0.0001
899  0.0002
900  0.0001
903  0.0002
906  0.0001
909  0.0001
913  0.0001
916  0.0001
917  0.0001
919  0.0001
920  0.0001
922  0.0001
924  0.0001
927  0.0006
929  0.0002
936  0.0001
944  0.0001
946  0.0001
947  0.0001
948  0.0001
951  0.0002
952  0.0002
953  0.0001
956  0.0002
958  0.0001
959  0.0001
960  0.0001
962  0.0001
964  0.0001
970  0.0002
972  0.0001
973  0.0001
974  0.0001
976  0.0001
978  0.0001
979  0.0001
980  0.0002
981  0.0002
985  0.0003
986  0.0001
987  0.0001
988  0.0002
991  0.0001
996  0.0002
997  0.0001
998  0.0001
999  0.0001
1003  0.0001
1009  0.0001
1012  0.0002
1014  0.0001
1016  0.0001
1019  0.0001
1025  0.0002
1026  0.0002
1027  0.0001
1029  0.0002
1030  0.0001
1033  0.0001
1035  0.0001
1036  0.0001
1037  0.0001
1055  0.0002
1058  0.0001
1059  0.0001
1063  0.0001
1064  0.0002
1065  0.0002
1067  0.0001
1068  0.0002
1082  0.0001
1083  0.0002
1091  0.0001
1092  0.0001
1093  0.0001
1095  0.0001
1102  0.0001
1105  0.0001
1106  0.0002
1111  0.0001
1124  0.0001
1125  0.0001
1127  0.0001
1131  0.0001
1135  0.0001
1140  0.0001
1141  0.0001
1144  0.0001
1147  0.0001
1153  0.0001
1159  0.0001
1161  0.0001
1162  0.0001
1164  0.0001
1165  0.0001
1174  0.0001
1175  0.0001
1176  0.0002
1179  0.0001
1182  0.0002
1187  0.0001
1190  0.0001
1196  0.0001
1198  0.0001
1203  0.0001
1207  0.0001
1208  0.0001
1216  0.0001
1217  0.0001
1218  0.0001
1220  0.0001
1223  0.0001
1227  0.0001
1228  0.0001
1230  0.0001
1231  0.0001
1234  0.0001
1243  0.0001
1244  0.0001
1248  0.0001
1253  0.0001
1259  0.0001
1263  0.0001
1264  0.0001
1269  0.0001
1285  0.0001
1295  0.0001
1299  0.0001
1303  0.0001
1306  0.0001
1312  0.0002
1325  0.0001
1329  0.0001
1331  0.0001
1336  0.0001
1343  0.0001
1372  0.0001
1375  0.0001
1386  0.0001
1389  0.0001
1397  0.0001
1399  0.0001
1403  0.0001
1408  0.0001
1410  0.0001
1413  0.0001
1417  0.0001
1421  0.0001
1422  0.0001
1425  0.0001
1426  0.0001
1429  0.0001
1432  0.0002
1435  0.0001
1438  0.0001
1449  0.0001
1451  0.0001
1467  0.0001
1473  0.0001
1474  0.0001
1481  0.0001
1482  0.0001
1488  0.0001
1489  0.0001
1498  0.0001
1507  0.0001
1510  0.0001
1511  0.0001
1515  0.0001
1530  0.0001
1536  0.0001
1541  0.0001
1549  0.0001
1563  0.0001
1586  0.0001
1589  0.0001
1592  0.0001
1597  0.0001
1602  0.0001
1617  0.0001
1620  0.0001
1635  0.0001
1650  0.0001
1653  0.0001
1657  0.0002
1658  0.0001
1668  0.0001
1679  0.0001
1694  0.0001
1711  0.0001
1713  0.0001
1718  0.0001
1719  0.0001
1725  0.0001
1727  0.0001
1728  0.0001
1732  0.0001
1740  0.0001
1754  0.0001
1758  0.0001
1759  0.0001
1762  0.0001
1776  0.0001
1780  0.0001
1783  0.0001
1784  0.0001
1785  0.0001
1789  0.0001
1796  0.0001
1800  0.0001
1803  0.0002
1817  0.0002
1821  0.0001
1825  0.0001
1831  0.0001
1833  0.0001
1843  0.0001
1847  0.0001
1850  0.0001
1865  0.0001
1875  0.0001
1879  0.0001
1883  0.0001
1885  0.0002
1890  0.0001
1900  0.0002
1918  0.0001
1928  0.0001
1929  0.0001
1937  0.0001
1951  0.0001
1965  0.0001
1972  0.0001
1978  0.0001
1979  0.0001
1982  0.0001
1994  0.0001
1999  0.0001
2000  0.0001
2017  0.0001
2041  0.0001
2064  0.0001
2075  0.0001
2114  0.0001
2115  0.0001
2117  0.0001
2122  0.0001
2123  0.0001
2130  0.0001
2134  0.0001
2135  0.0001
2141  0.0001
2145  0.0001
2147  0.0001
2149  0.0001
2179  0.0002
2217  0.0001
2220  0.0001
2228  0.0001
2237  0.0001
2246  0.0001
2249  0.0001
2252  0.0001
2256  0.0001
2272  0.0001
2282  0.0001
2313  0.0001
2327  0.0002
2331  0.0001
2352  0.0001
2354  0.0001
2357  0.0001
2361  0.0001
2371  0.0001
2375  0.0001
2378  0.0001
2381  0.0001
2385  0.0002
2418  0.0001
2428  0.0001
2441  0.0001
2451  0.0001
2453  0.0001
2454  0.0001
2463  0.0001
2480  0.0001
2482  0.0001
2486  0.0001
2488  0.0001
2492  0.0002
2493  0.0001
2497  0.0001
2505  0.0001
2506  0.0001
2508  0.0001
2530  0.0001
2534  0.0001
2546  0.0001
2551  0.0001
2560  0.0001
2564  0.0001
2572  0.0001
2576  0.0001
2589  0.0001
2602  0.0001
2605  0.0001
2608  0.0001
2609  0.0001
2613  0.0001
2617  0.0001
2641  0.0001
2657  0.0001
2658  0.0001
2659  0.0001
2666  0.0001
2672  0.0001
2679  0.0001
2684  0.0001
2685  0.0001
2711  0.0001
2724  0.0001
2743  0.0001
2757  0.0001
2773  0.0001
2817  0.0001
2819  0.0001
2823  0.0001
2824  0.0001
2837  0.0001
2838  0.0001
2858  0.0001
2866  0.0001
2873  0.0001
2884  0.0001
2890  0.0001
2893  0.0001
2896  0.0001
2902  0.0001
2911  0.0001
2918  0.0001
2924  0.0001
2950  0.0001
2970  0.0002
2974  0.0001
2980  0.0001
2995  0.0001
3001  0.0001
3002  0.0002
3005  0.0001
3006  0.0001
3015  0.0001
3026  0.0001
3060  0.0001
3064  0.0001
3067  0.0001
3074  0.0001
3076  0.0001
3082  0.0001
3093  0.0001
3096  0.0001
3102  0.0001
3108  0.0001
3137  0.0001
3159  0.0001
3169  0.0001
3170  0.0001
3171  0.0001
3172  0.0001
3174  0.0001
3193  0.0001
3194  0.0001
3195  0.0001
3202  0.0001
3203  0.0001
3219  0.0001
3220  0.0001
3224  0.0001
3227  0.0001
3231  0.0002
3232  0.0001
3236  0.0001
3251  0.0001
3255  0.0001
3287  0.0001
3316  0.0001
3322  0.0001
3324  0.0001
3329  0.0001
3330  0.0001
3339  0.0001
3348  0.0001
3352  0.0001
3356  0.0001
3358  0.0001
3370  0.0001
3371  0.0001
3372  0.0002
3379  0.0001
3393  0.0001
3395  0.0001
3405  0.0001
3420  0.0001
3428  0.0001
3458  0.0001
3461  0.0001
3463  0.0001
3465  0.0002
3467  0.0001
3479  0.0001
3517  0.0002
3522  0.0001
3540  0.0001
3542  0.0001
3554  0.0001
3559  0.0001
3574  0.0001
3589  0.0002
3592  0.0001
3594  0.0001
3610  0.0002
3622  0.0001
3625  0.0001
3631  0.0001
3633  0.0001
3640  0.0001
3642  0.0002
3643  0.0002
3659  0.0001
3663  0.0001
3669  0.0001
3670  0.0001
3671  0.0001
3678  0.0001
3682  0.0001
3687  0.0001
3691  0.0002
3701  0.0001
3702  0.0001
3704  0.0001
3713  0.0001
3714  0.0001
3723  0.0001
3724  0.0001
3727  0.0001
3728  0.0001
3748  0.0001
3759  0.0001
3764  0.0001
3767  0.0001
3768  0.0001
3774  0.0001
3784  0.0001
3786  0.0001
3794  0.0001
3798  0.0002
3799  0.0001
3803  0.0001
3815  0.0001
3819  0.0001
3826  0.0001
3832  0.0001
3834  0.0001
3838  0.0001
3841  0.0001
3850  0.0001
3855  0.0001
3861  0.0001
3864  0.0003
3867  0.0001
3873  0.0001
3875  0.0001
3885  0.0001
3895  0.0001
3897  0.0002
3899  0.0001
3916  0.0001
3927  0.0001
3928  0.0001
3942  0.0001
3947  0.0001
3950  0.0001
3951  0.0001
3952  0.0001
3953  0.0001
3960  0.0001
3963  0.0002
3965  0.0001
3974  0.0001
3979  0.0001
3985  0.0001
3988  0.0001
3993  0.0001
3996  0.0001
4001  0.0001
4002  0.0001
4007  0.0002
4008  0.0001
4009  0.0001
4011  0.0002
4012  0.0001
4019  0.0001
4022  0.0001
4027  0.0001
4029  0.0001
4036  0.0001
4040  0.0001
4044  0.0001
4045  0.0001
4048  0.0001
4055  0.0002
4057  0.0001
4065  0.0001
4070  0.0001
4085  0.0001
4088  0.0001
4090  0.0001
4093  0.0001
4100  0.0003
4101  0.0001
4102  0.0001
4104  0.0001
4110  0.0002
4112  0.0001
4120  0.0001
4122  0.0002
4124  0.0001
4126  0.0001
4127  0.0001
4128  0.0001
4135  0.0001
4140  0.0001
4144  0.0001
4145  0.0001
4150  0.0001
4151  0.0001
4156  0.0001
4158  0.0002
4173  0.0002
4175  0.0003
4179  0.0001
4182  0.0001
4185  0.0001
4186  0.0001
4189  0.0001
4190  0.0001
4201  0.0002
4202  0.0001
4203  0.0001
4205  0.0001
4211  0.0001
4212  0.0001
4216  0.0001
4218  0.0001
4220  0.0001
4223  0.0002
4224  0.0001
4227  0.0002
4228  0.0002
4229  0.0002
4230  0.0001
4232  0.0001
4239  0.0001
4243  0.0001
4249  0.0003
4252  0.0001
4254  0.0001
4258  0.0002
4262  0.0001
4266  0.0001
4267  0.0002
4268  0.0001
4272  0.0001
4273  0.0001
4274  0.0002
4276  0.0001
4277  0.0002
4281  0.0001
4283  0.0001
4284  0.0001
4287  0.0001
4289  0.0001
4290  0.0001
4291  0.0001
4292  0.0001
4293  0.0002
4294  0.0001
4295  0.0001
4299  0.0001
4300  0.0001
4303  0.0002
4304  0.0001
4305  0.0001
4307  0.0001
4309  0.0001
4310  0.0001
4312  0.0001
4314  0.0002
4315  0.0001
4319  0.0001
4320  0.0001
4324  0.0002
4325  0.0002
4326  0.0001
4327  0.0001
4328  0.0002
4330  0.0001
4339  0.0002
4341  0.0001
4345  0.0004
4347  0.0001
4348  0.0002
4352  0.0001
4356  0.0001
4359  0.0002
4360  0.0001
4361  0.0001
4364  0.0002
4367  0.0002
4368  0.0002
4371  0.0001
4374  0.0001
4375  0.0001
4379  0.0001
4381  0.0002
4382  0.0001
4386  0.0003
4388  0.0001
4394  0.0001
4396  0.0003
4397  0.0001
4398  0.0001
4400  0.0002
4401  0.0001
4402  0.0001
4403  0.0001
4404  0.0002
4405  0.0001
4406  0.0001
4407  0.0001
4408  0.0001
4410  0.0001
4411  0.0001
4412  0.0001
4414  0.0001
4415  0.0001
4418  0.0002
4421  0.0001
4425  0.0001
4429  0.0002
4430  0.0001
4435  0.0001
4438  0.0002
4440  0.0001
4441  0.0001
4443  0.0001
4445  0.0001
4446  0.0001
4447  0.0001
4448  0.0003
4449  0.0001
4450  0.0003
4452  0.0001
4455  0.0003
4456  0.0001
4457  0.0002
4458  0.0001
4460  0.0001
4461  0.0002
4462  0.0001
4464  0.0001
4466  0.0002
4467  0.0001
4468  0.0001
4469  0.0001
4471  0.0001
4472  0.0002
4475  0.0003
4476  0.0002
4477  0.0002
4479  0.0001
4481  0.0001
4484  0.0002
4485  0.0001
4487  0.0002
4488  0.0001
4491  0.0001
4492  0.0005
4493  0.0001
4494  0.0001
4495  0.0002
4496  0.0001
4497  0.0002
4500  0.0002
4502  0.0002
4503  0.0002
4505  0.0002
4508  0.0002
4509  0.0001
4510  0.0003
4511  0.0002
4515  0.0002
4516  0.0002
4517  0.0001
4519  0.0001
4520  0.0002
4522  0.0003
4523  0.0002
4527  0.0001
4528  0.0002
4531  0.0002
4532  0.0002
4534  0.0001
4535  0.0001
4536  0.0001
4537  0.0002
4538  0.0001
4539  0.0002
4540  0.0001
4542  0.0001
4545  0.0001
4548  0.0001
4549  0.0001
4550  0.0003
4551  0.0001
4552  0.0001
4553  0.0002
4554  0.0004
4556  0.0002
4557  0.0002
4559  0.0002
4560  0.0001
4563  0.0001
4564  0.0004
4565  0.0001
4568  0.0001
4570  0.0001
4572  0.0001
4573  0.0001
4575  0.0002
4576  0.0001
4577  0.0001
4578  0.0001
4581  0.0001
4582  0.0002
4584  0.0003
4585  0.0002
4586  0.0001
4588  0.0003
4592  0.0002
4593  0.0003
4595  0.0002
4596  0.0003
4597  0.0002
4599  0.0001
4601  0.0005
4602  0.0002
4603  0.0003
4604  0.0002
4606  0.0002
4607  0.0001
4609  0.0001
4610  0.0001
4611  0.0003
4613  0.0004
4615  0.0001
4616  0.0002
4617  0.0001
4621  0.0006
4622  0.0001
4623  0.0001
4624  0.0001
4625  0.0001
4626  0.0006
4627  0.0002
4628  0.0005
4629  0.0001
4631  0.0002
4632  0.0001
4633  0.0002
4635  0.0001
4636  0.0002
4637  0.0001
4638  0.0002
4639  0.0001
4641  0.0002
4643  0.0004
4645  0.0003
4646  0.0002
4647  0.0001
4648  0.0001
4651  0.0002
4652  0.0002
4654  0.0001
4655  0.0003
4656  0.0002
4657  0.0001
4658  0.0003
4661  0.0003
4662  0.0002
4663  0.0001
4664  0.0003
4668  0.0001
4669  0.0002
4670  0.0001
4672  0.0001
4673  0.0001
4674  0.0001
4676  0.0001
4678  0.0002
4679  0.0001
4680  0.0005
4681  0.0001
4683  0.0001
4686  0.0001
4687  0.0001
4688  0.0001
4689  0.0001
4690  0.0002
4691  0.0001
4692  0.0002
4693  0.0002
4695  0.0001
4696  0.0004
4698  0.0002
4699  0.0002
4700  0.0001
4701  0.0001
4702  0.0002
4703  0.0003
4704  0.0001
4706  0.0001
4708  0.0001
4709  0.0002
4711  0.0004
4713  0.0002
4715  0.0002
4716  0.0001
4718  0.0003
4719  0.0001
4721  0.0001
4722  0.0001
4723  0.0002
4724  0.0002
4725  0.0005
4726  0.0001
4727  0.0002
4728  0.0001
4729  0.0003
4731  0.0003
4732  0.0003
4733  0.0001
4734  0.0001
4735  0.0001
4736  0.0002
4737  0.0002
4739  0.0001
4740  0.0001
4742  0.0002
4743  0.0001
4744  0.0006
4745  0.0004
4746  0.0003
4747  0.0001
4748  0.0003
4749  0.0001
4750  0.0001
4751  0.0005
4752  0.0002
4753  0.0002
4754  0.0002
4756  0.0001
4757  0.0005
4758  0.0003
4759  0.0001
4760  0.0004
4762  0.0003
4763  0.0001
4764  0.0001
4766  0.0003
4767  0.0001
4768  0.0002
4769  0.0002
4771  0.0003
4772  0.0002
4773  0.0002
4774  0.0004
4776  0.0001
4778  0.0002
4779  0.0002
4780  0.0001
4781  0.0004
4782  0.0006
4783  0.0002
4784  0.0002
4786  0.0003
4787  0.0001
4788  0.0001
4789  0.0004
4790  0.0003
4791  0.0005
4792  0.0001
4793  0.0003
4794  0.0001
4795  0.0006
4796  0.0001
4797  0.0002
4798  0.0003
4799  0.0007
4800  0.0003
4801  0.0006
4803  0.0004
4804  0.0002
4805  0.0001
4806  0.0002
4807  0.0001
4808  0.0005
4810  0.0002
4811  0.0001
4812  0.0002
4813  0.0003
4814  0.0001
4815  0.0002
4816  0.0001
4817  0.0003
4818  0.0007
4819  0.0001
4820  0.0002
4821  0.0001
4822  0.0003
4824  0.0002
4825  0.0004
4826  0.0002
4827  0.0002
4828  0.0006
4829  0.0004
4830  0.0002
4831  0.0003
4832  0.0003
4833  0.0002
4834  0.0004
4835  0.0002
4836  0.0002
4837  0.0004
4838  0.0002
4839  0.0004
4840  0.0002
4841  0.0002
4842  0.0002
4843  0.0004
4844  0.0001
4845  0.0006
4846  0.0003
4847  0.0003
4848  0.0003
4849  0.0002
4851  0.0003
4852  0.0001
4853  0.0003
4854  0.0004
4855  0.0002
4856  0.0001
4857  0.0004
4858  0.0005
4859  0.0001
4860  0.0003
4861  0.0003
4862  0.0003
4863  0.0003
4864  0.0003
4865  0.0003
4866  0.0004
4867  0.0001
4868  0.0005
4869  0.0001
4870  0.0003
4871  0.0001
4872  0.0002
4873  0.0003
4874  0.0002
4875  0.0004
4876  0.0003
4877  0.0002
4878  0.0005
4879  0.0001
4880  0.0001
4881  0.0003
4882  0.0002
4884  0.0001
4885  0.0002
4886  0.0001
4887  0.0001
4888  0.0002
4889  0.0002
4890  0.0001
4891  0.0003
4892  0.0002
4893  0.0002
4894  0.0002
4895  0.0004
4896  0.0004
4897  0.0001
4898  0.0002
4899  0.0002
4901  0.0004
4902  0.0003
4903  0.0005
4904  0.0001
4905  0.0002
4906  0.0004
4907  0.0004
4908  0.0005
4909  0.0003
4910  0.0004
4911  0.0003
4912  0.0005
4913  0.0001
4914  0.0002
4915  0.0003
4916  0.0006
4917  0.0004
4918  0.0002
4919  0.0004
4920  0.0002
4921  0.0002
4922  0.0002
4923  0.0002
4925  0.0003
4926  0.0002
4927  0.0004
4928  0.0003
4929  0.0006
4930  0.0002
4931  0.0004
4933  0.0001
4934  0.0003
4935  0.0002
4936  0.0001
4937  0.0003
4938  0.0001
4939  0.0002
4940  0.0005
4941  0.0006
4943  0.0006
4944  0.0003
4945  0.0005
4946  0.0006
4947  0.0007
4948  0.0001
4949  0.0008
4950  0.0004
4951  0.0003
4952  0.0005
4953  0.0004
4954  0.0004
4955  0.0002
4956  0.0004
4957  0.0002
4958  0.0005
4959  0.0003
4960  0.0007
4961  0.0008
4962  0.0005
4963  0.0005
4964  0.0003
4965  0.0007
4966  0.0008
4967  0.0002
4968  0.0007
4969  0.0004
4970  0.0004
4971  0.0003
4972  0.0003
4973  0.0004
4974  0.0003
4975  0.0005
4976  0.0003
4977  0.0002
4978  0.0005
4979  0.0002
4980  0.0008
4981  0.0003
4982  0.0007
4983  0.0002
4984  0.0004
4985  0.0007
4986  0.0005
4987  0.0003
4988  0.0003
4989  0.0004
4990  0.0005
4991  0.0002
4992  0.0003
4993  0.0006
4994  0.0003
4995  0.0005
4996  0.0003
4997  0.0006
4998  0.0004
4999  0.0004
5000  0.0005
5001  0.0005
5002  0.0005
5003  0.0003
5004  0.0004
5005  0.0003
5006  0.0002
5007  0.0005
5008  0.0004
5009  0.0001
5010  0.0006
5011  0.0003
5012  0.0003
5013  0.0004
5014  0.0002
5015  0.0005
5016  0.0004
5017  0.0008
5018  0.0008
5019  0.0005
5020  0.0005
5021  0.0003
5022  0.0006
5023  0.0004
5024  0.0006
5025  0.0005
5026  0.0003
5027  0.0004
5028  0.0006
5029  0.0003
5030  0.0006
5031  0.0003
5032  0.0002
5033  0.0004
5034  0.0003
5035  0.0004
5036  0.0008
5037  0.0005
5038  0.0011
5039  0.0004
5040  0.0002
5041  0.0006
5042  0.001
5043  0.0005
5044  0.0006
5045  0.0007
5046  0.0002
5047  0.0006
5048  0.0005
5049  0.0004
5050  0.0004
5051  0.0005
5052  0.0005
5053  0.0009
5054  0.0007
5055  0.0003
5056  0.0001
5057  0.0003
5058  0.0002
5059  0.0006
5060  0.0003
5061  0.0006
5062  0.0009
5064  0.0003
5065  0.0005
5066  0.0009
5067  0.0007
5068  0.0006
5069  0.0005
5070  0.0008
5071  0.0001
5072  0.0005
5073  0.001
5074  0.0006
5075  0.0004
5076  0.0005
5077  0.0003
5078  0.0006
5079  0.0002
5080  0.0005
5081  0.0012
5082  0.0009
5083  0.0006
5084  0.0006
5085  0.0006
5086  0.0008
5087  0.0004
5088  0.0011
5089  0.0006
5090  0.0003
5091  0.0006
5092  0.0004
5093  0.0007
5094  0.0006
5095  0.0001
5096  0.0002
5097  0.0006
5098  0.0009
5099  0.0006
5100  0.0002
5101  0.0004
5102  0.0007
5103  0.0006
5104  0.0008
5105  0.0006
5106  0.0007
5107  0.0006
5108  0.0003
5109  0.0006
5110  0.0003
5111  0.0002
5112  0.0006
5113  0.0004
5114  0.0007
5115  0.0008
5116  0.0003
5117  0.0005
5118  0.0005
5119  0.0006
5120  0.0011
5121  0.0008
5122  0.0011
5123  0.0008
5124  0.0008
5125  0.0005
5126  0.0008
5127  0.0007
5128  0.0006
5129  0.0005
5130  0.0004
5131  0.0009
5132  0.0011
5133  0.001
5134  0.0011
5135  0.0005
5136  0.0005
5137  0.0005
5138  0.0008
5139  0.0005
5140  0.0005
5141  0.0006
5142  0.0006
5143  0.0003
5144  0.0013
5145  0.0004
5146  0.0006
5147  0.0003
5148  0.0012
5149  0.0003
5150  0.0006
5151  0.0009
5152  0.0006
5153  0.0006
5154  0.0009
5155  0.0002
5156  0.0011
5157  0.0007
5158  0.0006
5159  0.0005
5160  0.0008
5161  0.0007
5162  0.0009
5163  0.0008
5164  0.0007
5165  0.0011
5166  0.0015
5167  0.0006
5168  0.0008
5169  0.0006
5170  0.0013
5171  0.0007
5172  0.0016
5173  0.0012
5174  0.0007
5175  0.0007
5176  0.0007
5177  0.0008
5178  0.0006
5179  0.0009
5180  0.0005
5181  0.0006
5182  0.0014
5183  0.0008
5184  0.0012
5185  0.0013
5186  0.0003
5187  0.0012
5188  0.0005
5189  0.0008
5190  0.001
5191  0.0007
5192  0.0007
5193  0.0011
5194  0.0006
5195  0.0007
5196  0.0012
5197  0.0005
5198  0.0006
5199  0.0004
5200  0.0008
5201  0.0004
5202  0.0005
5203  0.0005
5204  0.001
5205  0.0007
5206  0.0009
5207  0.0012
5208  0.0008
5209  0.0009
5210  0.0011
5211  0.0003
5212  0.0013
5213  0.001
5214  0.0012
5215  0.0008
5216  0.0008
5217  0.0009
5218  0.001
5219  0.0007
5220  0.001
5221  0.0008
5222  0.0013
5223  0.0004
5224  0.001
5225  0.0009
5226  0.0009
5227  0.0013
5228  0.001
5229  0.0009
5230  0.0015
5231  0.0012
5232  0.0012
5233  0.0017
5234  0.0008
5235  0.0008
5236  0.0011
5237  0.0013
5238  0.0004
5239  0.0012
5240  0.0012
5241  0.0009
5242  0.0011
5243  0.0017
5244  0.0013
5245  0.0009
5246  0.0012
5247  0.0011
5248  0.001
5249  0.0015
5250  0.0009
5251  0.0011
5252  0.0016
5253  0.001
5254  0.0012
5255  0.0011
5256  0.0011
5257  0.0011
5258  0.0012
5259  0.0012
5260  0.0005
5261  0.0004
5262  0.0014
5263  0.0009
5264  0.0004
5265  0.0014
5266  0.0009
5267  0.0016
5268  0.0013
5269  0.0015
5270  0.0018
5271  0.0011
5272  0.0013
5273  0.0015
5274  0.0015
5275  0.0012
5276  0.0013
5277  0.0016
5278  0.001
5279  0.0009
5280  0.0007
5281  0.0015
5282  0.0008
5283  0.001
5284  0.0014
5285  0.0011
5286  0.0019
5287  0.0017
5288  0.0012
5289  0.0009
5290  0.0006
5291  0.0009
5292  0.0008
5293  0.0016
5294  0.0011
5295  0.0009
5296  0.0011
5297  0.0012
5298  0.0015
5299  0.0019
5300  0.0016
5301  0.0013
5302  0.0021
5303  0.0014
5304  0.0017
5305  0.0013
5306  0.0016
5307  0.0012
5308  0.0017
5309  0.0006
5310  0.0014
5311  0.0011
5312  0.0014
5313  0.0011
5314  0.0007
5315  0.0012
5316  0.0009
5317  0.0019
5318  0.0012
5319  0.0008
5320  0.0013
5321  0.0016
5322  0.001
5323  0.0013
5324  0.0008
5325  0.0012
5326  0.0012
5327  0.0008
5328  0.0015
5329  0.0025
5330  0.0017
5331  0.0011
5332  0.0012
5333  0.0009
5334  0.0018
5335  0.0012
5336  0.001
5337  0.0012
5338  0.0018
5339  0.0016
5340  0.0014
5341  0.0016
5342  0.0011
5343  0.0021
5344  0.001
5345  0.0026
5346  0.0018
5347  0.0018
5348  0.0015
5349  0.0012
5350  0.0017
5351  0.0017
5352  0.0018
5353  0.0019
5354  0.0015
5355  0.0012
5356  0.0017
5357  0.0014
5358  0.0015
5359  0.0009
5360  0.0023
5361  0.0014
5362  0.0018
5363  0.0013
5364  0.0016
5365  0.0014
5366  0.0012
5367  0.0016
5368  0.0021
5369  0.0007
5370  0.0015
5371  0.0017
5372  0.0019
5373  0.0015
5374  0.0011
5375  0.0015
5376  0.0019
5377  0.0009
5378  0.0018
5379  0.0015
5380  0.0012
5381  0.0019
5382  0.0016
5383  0.0012
5384  0.0014
5385  0.0012
5386  0.0014
5387  0.0017
5388  0.0008
5389  0.0014
5390  0.0013
5391  0.0018
5392  0.0016
5393  0.0011
5394  0.0011
5395  0.0019
5396  0.0013
5397  0.0011
5398  0.0015
5399  0.0016
5400  0.0018
5401  0.0014
5402  0.0012
5403  0.0013
5404  0.0011
5405  0.0011
5406  0.0024
5407  0.0016
5408  0.0013
5409  0.0016
5410  0.0012
5411  0.0012
5412  0.0019
5413  0.0017
5414  0.0016
5415  0.0014
5416  0.0019
5417  0.0013
5418  0.002
5419  0.0018
5420  0.0014
5421  0.0013
5422  0.0017
5423  0.0015
5424  0.0022
5425  0.0015
5426  0.0013
5427  0.0019
5428  0.002
5429  0.0015
5430  0.0015
5431  0.0015
5432  0.0011
5433  0.0017
5434  0.0019
5435  0.0009
5436  0.0014
5437  0.0018
5438  0.0019
5439  0.0018
5440  0.0014
5441  0.0021
5442  0.0012
5443  0.0022
5444  0.0018
5445  0.0021
5446  0.0015
5447  0.0013
5448  0.0009
5449  0.0016
5450  0.0017
5451  0.0017
5452  0.0025
5453  0.002
5454  0.0021
5455  0.0024
5456  0.0007
5457  0.0013
5458  0.0015
5459  0.002
5460  0.002
5461  0.0018
5462  0.0006
5463  0.0015
5464  0.0022
5465  0.0011
5466  0.0014
5467  0.0019
5468  0.0016
5469  0.002
5470  0.0023
5471  0.002
5472  0.0014
5473  0.002
5474  0.0017
5475  0.0014
5476  0.0013
5477  0.0023
5478  0.0014
5479  0.002
5480  0.0017
5481  0.0009
5482  0.0017
5483  0.0015
5484  0.0016
5485  0.0023
5486  0.0018
5487  0.0015
5488  0.0012
5489  0.002
5490  0.0018
5491  0.0018
5492  0.0014
5493  0.0015
5494  0.0008
5495  0.0015
5496  0.0017
5497  0.0021
5498  0.0013
5499  0.002
5500  0.0011
5501  0.0017
5502  0.0017
5503  0.0013
5504  0.0023
5505  0.002
5506  0.0013
5507  0.0012
5508  0.0013
5509  0.0015
5510  0.0024
5511  0.0025
5512  0.0023
5513  0.0019
5514  0.0018
5515  0.0013
5516  0.0021
5517  0.0015
5518  0.0019
5519  0.0018
5520  0.0019
5521  0.0014
5522  0.0015
5523  0.0019
5524  0.0023
5525  0.0006
5526  0.0024
5527  0.0021
5528  0.0017
5529  0.0012
5530  0.0021
5531  0.0015
5532  0.0016
5533  0.0024
5534  0.0011
5535  0.0015
5536  0.0017
5537  0.0016
5538  0.0019
5539  0.0016
5540  0.001
5541  0.0018
5542  0.0014
5543  0.0018
5544  0.0016
5545  0.002
5546  0.0019
5547  0.0015
5548  0.002
5549  0.0014
5550  0.0014
5551  0.0011
5552  0.0021
5553  0.0017
5554  0.0015
5555  0.002
5556  0.0015
5557  0.0017
5558  0.0014
5559  0.0021
5560  0.0017
5561  0.0018
5562  0.0014
5563  0.0014
5564  0.0008
5565  0.0017
5566  0.0017
5567  0.0018
5568  0.0007
5569  0.0013
5570  0.0019
5571  0.0016
5572  0.0019
5573  0.0013
5574  0.0017
5575  0.0015
5576  0.0014
5577  0.001
5578  0.0011
5579  0.001
5580  0.0018
5581  0.0019
5582  0.0011
5583  0.0014
5584  0.0019
5585  0.0014
5586  0.0013
5587  0.0015
5588  0.0016
5589  0.0014
5590  0.0011
5591  0.0011
5592  0.0016
5593  0.0016
5594  0.0006
5595  0.0018
5596  0.0015
5597  0.0018
5598  0.0015
5599  0.0011
5600  0.0019
5601  0.0017
5602  0.0008
5603  0.0018
5604  0.0019
5605  0.0013
5606  0.0013
5607  0.0017
5608  0.0009
5609  0.0016
5610  0.0017
5611  0.0009
5612  0.0011
5613  0.0011
5614  0.0008
5615  0.0011
5616  0.002
5617  0.0013
5618  0.0015
5619  0.0012
5620  0.0012
5621  0.0013
5622  0.0009
5623  0.001
5624  0.0016
5625  0.0017
5626  0.0013
5627  0.0007
5628  0.0015
5629  0.001
5630  0.0017
5631  0.0012
5632  0.0013
5633  0.0015
5634  0.0015
5635  0.0004
5636  0.0013
5637  0.0013
5638  0.001
5639  0.0015
5640  0.0015
5641  0.0009
5642  0.0012
5643  0.002
5644  0.001
5645  0.0013
5646  0.0012
5647  0.0007
5648  0.0018
5649  0.0009
5650  0.001
5651  0.0013
5652  0.0013
5653  0.0008
5654  0.0009
5655  0.0008
5656  0.0013
5657  0.0015
5658  0.0011
5659  0.0006
5660  0.001
5661  0.0011
5662  0.001
5663  0.0008
5664  0.0013
5665  0.0014
5666  0.0007
5667  0.0009
5668  0.0008
5669  0.0015
5670  0.0012
5671  0.0012
5672  0.0007
5673  0.0011
5674  0.0009
5675  0.0006
5676  0.0009
5677  0.0006
5678  0.0012
5679  0.0009
5680  0.0005
5681  0.0008
5682  0.0004
5683  0.0006
5684  0.001
5685  0.0008
5686  0.0008
5687  0.0007
5688  0.0006
5689  0.0013
5690  0.0004
5691  0.0011
5692  0.0004
5693  0.0007
5694  0.0006
5695  0.0007
5696  0.0009
5697  0.0005
5698  0.0006
5699  0.0008
5700  0.0006
5701  0.0006
5702  0.0007
5703  0.0009
5704  0.0007
5705  0.0004
5706  0.0003
5707  0.0003
5708  0.0004
5709  0.0006
5710  0.0011
5711  0.0008
5712  0.0008
5713  0.0007
5714  0.0003
5715  0.0009
5716  0.0006
5717  0.0004
5718  0.0001
5719  0.0007
5720  0.0002
5721  0.0005
5722  0.0005
5723  0.0002
5724  0.0006
5725  0.0002
5726  0.0008
5727  0.0007
5728  0.0003
5729  0.0003
5730  0.0006
5731  0.0003
5732  0.0003
5733  0.0002
5734  0.0005
5735  0.0004
5736  0.0005
5737  0.0003
5738  0.0003
5739  0.0005
5740  0.0004
5741  0.0003
5742  0.0008
5743  0.0005
5744  0.0003
5745  0.0002
5746  0.0001
5747  0.0002
5748  0.0006
5749  0.0001
5750  0.0004
5751  0.0002
5752  0.0002
5753  0.0001
5754  0.0009
5755  0.0004
5756  0.0001
5757  0.0003
5758  0.0002
5759  0.0002
5760  0.0004
5761  0.0004
5762  0.0003
5763  0.0005
5764  0.0003
5765  0.0005
5766  0.0008
5767  0.0002
5768  0.0003
5769  0.0002
5770  0.0003
5771  0.0002
5772  0.0001
5773  0.0004
5774  0.0001
5775  0.0003
5776  0.0003
5777  0.0002
5778  0.0001
5781  0.0002
5782  0.0001
5783  0.0002
5784  0.0002
5785  0.0002
5786  0.0001
5787  0.0002
5788  0.0001
5790  0.0002
5791  0.0001
5792  0.0001
5793  0.0002
5794  0.0002
5795  0.0002
5796  0.0001
5797  0.0003
5798  0.0004
5799  0.0002
5801  0.0002
5802  0.0001
5803  0.0003
5804  0.0002
5805  0.0002
5806  0.0001
5808  0.0001
5810  0.0002
5812  0.0001
5813  0.0004
5814  0.0001
5815  0.0001
5818  0.0001
5820  0.0001
5821  0.0001
5822  0.0002
5823  0.0001
5824  0.0001
5826  0.0001
5830  0.0003
5831  0.0001
5834  0.0001
5835  0.0002
5836  0.0001
5837  0.0002
5841  0.0001
5842  0.0001
5844  0.0002
5845  0.0001
5846  0.0001
5847  0.0001
5858  0.0001
5862  0.0002
5870  0.0001
5873  0.0001
5875  0.0001
5888  0.0001
5898  0.0001
5950  0.0001
