1  3.8397
2  3.9141
3  0.9028
4  0.5512
5  0.3165
6  0.2052
7  0.1486
8  0.1122
9  0.0788
10  0.0607
11  0.0488
12  0.0418
13  0.0363
14  0.0257
15  0.0259
16  0.019
17  0.0172
18  0.0139
19  0.0133
20  0.0108
21  0.0092
22  0.009
23  0.0082
24  0.0074
25  0.0062
26  0.0074
27  0.0045
28  0.0031
29  0.0042
30  0.0044
31  0.0032
32  0.0037
33  0.003
34  0.0029
35  0.0021
36  0.0026
37  0.0022
38  0.0019
39  0.0017
40  0.0017
41  0.0019
42  0.0014
43  0.0011
44  0.0015
45  0.0014
46  0.0009
47  0.0018
48  0.0013
49  0.0009
50  0.0003
51  0.0011
52  0.0006
53  0.0006
54  0.0007
55  0.0008
56  0.0006
57  0.001
58  0.0006
59  0.0007
60  0.0004
61  0.0002
62  0.0003
63  0.0006
64  0.0005
65  0.0003
66  0.0003
67  0.0003
68  0.0006
69  0.0002
70  0.0007
71  0.0004
72  0.0002
73  0.0003
74  0.0007
75  0.0003
76  0.0005
77  0.0006
78  0.0006
79  0.0003
80  0.0003
81  0.0005
82  0.0008
83  0.0008
84  0.0004
85  0.0009
86  0.0009
87  0.0023
88  0.0012
89  0.0019
90  0.0036
91  0.0041
92  0.0038
93  0.0059
94  0.0068
95  0.0067
96  0.0117
97  0.0138
98  0.0169
99  0.019
100  0.023
101  0.024
102  0.0253
103  0.0277
104  0.0325
105  0.033
106  0.0358
107  0.0421
108  0.0348
109  0.0409
110  0.0416
111  0.0411
112  0.0409
113  0.0424
114  0.0431
115  0.0351
116  0.0354
117  0.0377
118  0.0326
119  0.0272
120  0.0269
121  0.0262
122  0.0238
123  0.0189
124  0.0183
125  0.0159
126  0.0126
127  0.0113
128  0.0121
129  0.0093
130  0.007
131  0.005
132  0.0041
133  0.0039
134  0.0031
135  0.0015
136  0.0015
137  0.0021
138  0.0012
139  0.0003
140  0.0008
141  0.0005
142  0.0004
143  0.0002
144  0.0001
145  0.0003
146  0.0001
147  0.0002
148  0.0001
149  0.0001
150  0.0002
153  0.0001
164  0.0002
165  0.0002
175  0.0001
179  0.0001
180  0.0001
185  0.0001
193  0.0001
211  0.0001
215  0.0001
221  0.0001
226  0.0001
1413  0.0001
1458  0.0001
1465  0.0001
1470  0.0002
1510  0.0001
1512  0.0001
1514  0.0001
1517  0.0001
1520  0.0002
1522  0.0001
1529  0.0001
1535  0.0001
1536  0.0001
1544  0.0001
1554  0.0002
1556  0.0001
1560  0.0001
1561  0.0001
1570  0.0001
1572  0.0001
1573  0.0001
1575  0.0002
1576  0.0002
1581  0.0001
1584  0.0001
1585  0.0001
1586  0.0001
1588  0.0001
1589  0.0002
1590  0.0001
1591  0.0001
1594  0.0002
1595  0.0002
1596  0.0002
1599  0.0003
1601  0.0001
1602  0.0002
1603  0.0001
1606  0.0004
1608  0.0004
1609  0.0002
1610  0.0002
1611  0.0001
1612  0.0003
1613  0.0001
1615  0.0004
1616  0.0004
1617  0.0002
1618  0.0001
1619  0.0002
1620  0.0003
1621  0.0002
1622  0.0004
1623  0.0002
1624  0.0002
1625  0.0002
1626  0.0002
1627  0.0003
1628  0.0007
1629  0.0003
1630  0.0002
1631  0.0004
1632  0.0006
1633  0.0003
1634  0.0004
1635  0.0001
1636  0.0005
1637  0.0005
1638  0.0002
1639  0.0009
1640  0.0004
1641  0.0011
1642  0.0004
1643  0.0011
1644  0.0004
1645  0.0007
1646  0.0006
1647  0.0014
1648  0.001
1649  0.0008
1650  0.0003
1651  0.0009
1652  0.0011
1653  0.0011
1654  0.0009
1655  0.0013
1656  0.0012
1657  0.0008
1658  0.0014
1659  0.001
1660  0.002
1661  0.0014
1662  0.0018
1663  0.0019
1664  0.0015
1665  0.0017
1666  0.0017
1667  0.0023
1668  0.0024
1669  0.0023
1670  0.0023
1671  0.0027
1672  0.0024
1673  0.002
1674  0.002
1675  0.0029
1676  0.0032
1677  0.0031
1678  0.0036
1679  0.0033
1680  0.0045
1681  0.0039
1682  0.0034
1683  0.0041
1684  0.0036
1685  0.0048
1686  0.0037
1687  0.0046
1688  0.0043
1689  0.0055
1690  0.006
1691  0.0061
1692  0.0056
1693  0.0068
1694  0.0058
1695  0.0061
1696  0.0067
1697  0.0074
1698  0.0073
1699  0.0062
1700  0.0086
1701  0.0063
1702  0.0069
1703  0.0098
1704  0.0069
1705  0.0079
1706  0.0088
1707  0.0081
1708  0.0096
1709  0.0089
1710  0.0099
1711  0.0084
1712  0.0076
1713  0.0108
1714  0.0113
1715  0.0098
1716  0.0105
1717  0.0126
1718  0.0127
1719  0.0115
1720  0.0114
1721  0.0118
1722  0.0112
1723  0.0118
1724  0.0116
1725  0.0114
1726  0.012
1727  0.0135
1728  0.0113
1729  0.0133
1730  0.0136
1731  0.0125
1732  0.0113
1733  0.0131
1734  0.0109
1735  0.0124
1736  0.0121
1737  0.0117
1738  0.0114
1739  0.0124
1740  0.0126
1741  0.0104
1742  0.0135
1743  0.0112
1744  0.0117
1745  0.0125
1746  0.0113
1747  0.0127
1748  0.01
1749  0.0107
1750  0.0099
1751  0.0122
1752  0.0108
1753  0.0133
1754  0.0121
1755  0.0092
1756  0.009
1757  0.0109
1758  0.0099
1759  0.0079
1760  0.0078
1761  0.0069
1762  0.0087
1763  0.0084
1764  0.0075
1765  0.0078
1766  0.0054
1767  0.0086
1768  0.0075
1769  0.0051
1770  0.0043
1771  0.0056
1772  0.0057
1773  0.006
1774  0.006
1775  0.0038
1776  0.0038
1777  0.0038
1778  0.0034
1779  0.0032
1780  0.0029
1781  0.0026
1782  0.0023
1783  0.0037
1784  0.003
1785  0.004
1786  0.0033
1787  0.0015
1788  0.0018
1789  0.0023
1790  0.0016
1791  0.0008
1792  0.0013
1793  0.0008
1794  0.0011
1795  0.0014
1796  0.0016
1797  0.0011
1798  0.001
1799  0.0007
1800  0.0003
1801  0.0005
1802  0.0005
1803  0.0005
1804  0.0006
1805  0.0001
1806  0.0007
1807  0.0004
1808  0.0002
1809  0.0004
1810  0.0005
1811  0.0001
1812  0.0005
1813  0.0001
1814  0.0003
1815  0.0001
1816  0.0001
1817  0.0001
1822  0.0001
1823  0.0001
1826  0.0002
1832  0.0001
1842  0.0001
