1  4.0165
2  2.6662
3  1.3118
4  0.9748
5  0.7274
6  0.5552
7  0.3961
8  0.2798
9  0.2048
10  0.1547
11  0.1269
12  0.1006
13  0.0841
14  0.0691
15  0.0611
16  0.0494
17  0.0434
18  0.0356
19  0.0328
20  0.0262
21  0.0205
22  0.0163
23  0.0167
24  0.0114
25  0.0109
26  0.0103
27  0.0098
28  0.0102
29  0.0058
30  0.0055
31  0.0055
32  0.0031
33  0.0036
34  0.0029
35  0.0023
36  0.0022
37  0.0016
38  0.0011
39  0.0018
40  0.0014
41  0.0005
42  0.0005
43  0.0003
44  0.0004
45  0.0002
46  0.0001
47  0.0002
48  0.0003
52  0.0001
