1  64.7829
2  45.0959
3  21.208
4  14.2302
5  9.9228
6  7.4469
7  5.724
8  4.5707
9  3.7802
10  3.1282
11  2.6494
12  2.2371
13  1.9277
14  1.6783
15  1.4572
16  1.2719
17  1.1185
18  0.9939
19  0.87
20  0.7939
21  0.6964
22  0.6398
23  0.5625
24  0.5215
25  0.4569
26  0.4096
27  0.3859
28  0.3616
29  0.316
30  0.2825
31  0.2649
32  0.2449
33  0.2222
34  0.2034
35  0.188
36  0.1785
37  0.1645
38  0.1506
39  0.1328
40  0.1222
41  0.1214
42  0.1134
43  0.0921
44  0.094
45  0.0821
46  0.077
47  0.0741
48  0.069
49  0.0646
50  0.0537
51  0.0562
52  0.0521
53  0.0452
54  0.0459
55  0.0411
56  0.0406
57  0.0372
58  0.0317
59  0.034
60  0.0287
61  0.0283
62  0.0262
63  0.0231
64  0.0245
65  0.0166
66  0.0202
67  0.0188
68  0.0173
69  0.0164
70  0.0151
71  0.0142
72  0.0134
73  0.0123
74  0.0123
75  0.0101
76  0.0111
77  0.0117
78  0.01
79  0.0064
80  0.0079
81  0.007
82  0.0071
83  0.0073
84  0.0056
85  0.0049
86  0.0068
87  0.0065
88  0.0063
89  0.0045
90  0.0049
91  0.0041
92  0.0045
93  0.0038
94  0.0039
95  0.0038
96  0.0029
97  0.0044
98  0.0028
99  0.0031
100  0.0037
101  0.0041
102  0.003
103  0.0051
104  0.0049
105  0.0072
106  0.0079
107  0.0076
108  0.0093
109  0.0108
110  0.012
111  0.014
112  0.0172
113  0.0199
114  0.0234
115  0.0235
116  0.0283
117  0.0304
118  0.0307
119  0.0332
120  0.0372
121  0.0407
122  0.0416
123  0.0363
124  0.0392
125  0.0417
126  0.0408
127  0.0409
128  0.0386
129  0.0389
130  0.0379
131  0.0314
132  0.0322
133  0.0282
134  0.0292
135  0.0272
136  0.0243
137  0.0198
138  0.018
139  0.0157
140  0.0135
141  0.0111
142  0.0099
143  0.0083
144  0.0076
145  0.0072
146  0.0057
147  0.0053
148  0.0032
149  0.0022
150  0.0026
151  0.0014
152  0.0008
153  0.0008
154  0.0007
155  0.001
156  0.0004
157  0.0004
158  0.0009
159  0.0002
160  0.0001
161  0.0001
162  0.0001
164  0.0001
165  0.0001
169  0.0001
171  0.0001
176  0.0001
178  0.0001
181  0.0001
191  0.0001
192  0.0003
193  0.0001
197  0.0001
220  0.0001
