1  11.2052
2  10.3494
3  2.3833
4  1.3667
5  0.7923
6  0.4554
7  0.3369
8  0.2309
9  0.1699
10  0.1293
11  0.1009
12  0.0765
13  0.0646
14  0.0499
15  0.0406
16  0.0358
17  0.0314
18  0.0288
19  0.0196
20  0.018
21  0.017
22  0.0142
23  0.0116
24  0.0116
25  0.0088
26  0.0106
27  0.0078
28  0.0079
29  0.0056
30  0.0051
31  0.0051
32  0.0047
33  0.0037
34  0.0046
35  0.0035
36  0.004
37  0.0031
38  0.0027
39  0.0025
40  0.0028
41  0.0033
42  0.0033
43  0.0026
44  0.0019
45  0.0012
46  0.0019
47  0.0021
48  0.0014
49  0.0007
50  0.0016
51  0.0011
52  0.0009
53  0.0011
54  0.0011
55  0.002
56  0.0009
57  0.0007
58  0.0006
59  0.0006
60  0.0009
61  0.0002
62  0.0006
63  0.0008
64  0.0009
65  0.0006
66  0.0003
67  0.0002
68  0.0006
69  0.001
70  0.0003
71  0.0002
72  0.0004
73  0.0004
74  0.0001
75  0.0003
76  0.0003
77  0.0005
78  0.0002
79  0.0003
80  0.0001
81  0.0002
82  0.0003
83  0.0003
85  0.0001
86  0.0004
88  0.0005
90  0.0001
91  0.0002
93  0.0001
94  0.0001
95  0.0003
96  0.0002
97  0.0004
98  0.0005
99  0.0002
100  0.0003
103  0.0001
104  0.0003
105  0.0001
106  0.0001
108  0.0001
109  0.0003
110  0.0001
111  0.0001
113  0.0001
115  0.0002
117  0.0002
118  0.0001
119  0.0001
121  0.0002
123  0.0001
124  0.0001
125  0.0001
128  0.0001
130  0.0001
132  0.0001
133  0.0001
138  0.0001
139  0.0001
140  0.0001
141  0.0001
143  0.0001
146  0.0001
148  0.0001
152  0.0001
154  0.0001
159  0.0001
165  0.0002
170  0.0001
185  0.0001
190  0.0001
192  0.0001
196  0.0001
231  0.0001
235  0.0001
236  0.0001
249  0.0001
255  0.0001
285  0.0001
331  0.0001
355  0.0002
357  0.0003
358  0.0001
359  0.0001
360  0.0001
361  0.0002
362  0.0001
363  0.0002
364  0.0002
365  0.0002
366  0.0003
367  0.0002
368  0.0003
369  0.0006
370  0.0007
371  0.0007
372  0.001
373  0.0007
374  0.0014
375  0.0008
376  0.0015
377  0.0012
378  0.0014
379  0.0022
380  0.003
381  0.0016
382  0.0035
383  0.0029
384  0.0043
385  0.0042
386  0.004
387  0.0048
388  0.0048
389  0.0054
390  0.0063
391  0.006
392  0.0066
393  0.0068
394  0.0084
395  0.0099
396  0.0097
397  0.0119
398  0.0113
399  0.0098
400  0.0126
401  0.0118
402  0.0138
403  0.0152
404  0.0151
405  0.0173
406  0.0181
407  0.0165
408  0.0168
409  0.0192
410  0.0195
411  0.0192
412  0.0174
413  0.0221
414  0.02
415  0.0196
416  0.0174
417  0.0206
418  0.02
419  0.0228
420  0.0199
421  0.0232
422  0.0202
423  0.0206
424  0.0196
425  0.0209
426  0.0208
427  0.0181
428  0.0186
429  0.0186
430  0.018
431  0.0182
432  0.0157
433  0.0159
434  0.0159
435  0.0152
436  0.015
437  0.0149
438  0.0127
439  0.0127
440  0.0101
441  0.009
442  0.0105
443  0.01
444  0.0078
445  0.0075
446  0.0067
447  0.0078
448  0.0064
449  0.0066
450  0.0061
451  0.0058
452  0.0054
453  0.0058
454  0.004
455  0.0042
456  0.0034
457  0.0048
458  0.0039
459  0.0022
460  0.0025
461  0.0025
462  0.002
463  0.0015
464  0.0018
465  0.0011
466  0.0018
467  0.0012
468  0.0013
469  0.0011
470  0.0004
471  0.0004
472  0.0007
473  0.0007
474  0.0002
475  0.0005
476  0.0004
477  0.0002
478  0.0001
479  0.0002
480  0.0007
481  0.0001
483  0.0002
485  0.0002
486  0.0001
487  0.0002
494  0.0001
500  0.0001
502  0.0001
6525  0.0001
6614  0.0001
6647  0.0001
6652  0.0001
6657  0.0001
6681  0.0001
6687  0.0001
6688  0.0001
6692  0.0001
6698  0.0002
6706  0.0001
6711  0.0001
6715  0.0001
6725  0.0001
6731  0.0001
6732  0.0001
6735  0.0001
6737  0.0001
6738  0.0002
6747  0.0001
6752  0.0001
6755  0.0001
6756  0.0002
6757  0.0001
6759  0.0001
6760  0.0002
6762  0.0002
6763  0.0003
6767  0.0002
6768  0.0002
6770  0.0001
6773  0.0001
6774  0.0001
6775  0.0001
6777  0.0001
6778  0.0002
6779  0.0002
6780  0.0001
6782  0.0001
6783  0.0001
6786  0.0001
6787  0.0002
6788  0.0003
6789  0.0002
6791  0.0001
6796  0.0002
6797  0.0003
6798  0.0001
6799  0.0001
6800  0.0003
6802  0.0007
6803  0.0005
6804  0.0003
6805  0.0003
6806  0.0001
6807  0.0002
6808  0.0002
6809  0.0001
6810  0.0003
6811  0.0003
6812  0.0003
6813  0.0004
6814  0.0005
6815  0.0004
6816  0.0003
6817  0.0003
6818  0.0001
6819  0.0003
6820  0.0003
6821  0.0001
6822  0.0001
6823  0.0005
6824  0.0001
6825  0.0002
6826  0.0003
6827  0.0004
6828  0.0007
6829  0.0006
6830  0.0005
6831  0.0001
6832  0.0011
6833  0.0004
6834  0.0007
6835  0.0009
6836  0.0004
6837  0.0005
6838  0.0005
6839  0.0008
6840  0.0005
6841  0.0008
6842  0.0005
6843  0.0005
6844  0.0009
6845  0.0009
6846  0.0006
6847  0.0009
6848  0.001
6849  0.001
6850  0.0008
6851  0.001
6852  0.0005
6853  0.001
6854  0.001
6855  0.001
6856  0.0009
6857  0.001
6858  0.0016
6859  0.0012
6860  0.0015
6861  0.0009
6862  0.0016
6863  0.0012
6864  0.0013
6865  0.0015
6866  0.0011
6867  0.0017
6868  0.0012
6869  0.0013
6870  0.0018
6871  0.0021
6872  0.0016
6873  0.0017
6874  0.0023
6875  0.0015
6876  0.0021
6877  0.0021
6878  0.0019
6879  0.0021
6880  0.0025
6881  0.0016
6882  0.0018
6883  0.0017
6884  0.0031
6885  0.0022
6886  0.0025
6887  0.0029
6888  0.0025
6889  0.0018
6890  0.0036
6891  0.0023
6892  0.003
6893  0.0029
6894  0.0036
6895  0.0036
6896  0.0028
6897  0.0034
6898  0.0029
6899  0.0028
6900  0.0037
6901  0.0035
6902  0.0029
6903  0.0027
6904  0.0036
6905  0.0031
6906  0.0044
6907  0.0041
6908  0.0032
6909  0.0031
6910  0.0032
6911  0.0038
6912  0.0036
6913  0.0037
6914  0.0042
6915  0.0031
6916  0.0044
6917  0.0039
6918  0.0047
6919  0.005
6920  0.005
6921  0.0042
6922  0.0048
6923  0.0046
6924  0.0038
6925  0.004
6926  0.0039
6927  0.004
6928  0.0047
6929  0.0055
6930  0.0053
6931  0.0045
6932  0.0054
6933  0.0055
6934  0.0065
6935  0.0058
6936  0.0053
6937  0.0057
6938  0.0056
6939  0.0061
6940  0.0048
6941  0.0053
6942  0.0073
6943  0.0061
6944  0.0067
6945  0.0054
6946  0.0046
6947  0.0074
6948  0.0068
6949  0.0059
6950  0.0056
6951  0.0062
6952  0.0055
6953  0.0074
6954  0.0058
6955  0.0065
6956  0.0074
6957  0.0066
6958  0.0051
6959  0.0066
6960  0.0059
6961  0.0083
6962  0.0064
6963  0.0066
6964  0.0086
6965  0.0061
6966  0.0082
6967  0.0064
6968  0.0071
6969  0.0066
6970  0.0065
6971  0.006
6972  0.0067
6973  0.0075
6974  0.0056
6975  0.0067
6976  0.0066
6977  0.0063
6978  0.0057
6979  0.0066
6980  0.0073
6981  0.0066
6982  0.0062
6983  0.0064
6984  0.0076
6985  0.0073
6986  0.0056
6987  0.0062
6988  0.007
6989  0.0068
6990  0.0063
6991  0.0076
6992  0.0067
6993  0.0067
6994  0.0066
6995  0.0063
6996  0.0058
6997  0.0063
6998  0.0053
6999  0.008
7000  0.0057
7001  0.0075
7002  0.0061
7003  0.007
7004  0.0064
7005  0.0054
7006  0.0048
7007  0.0038
7008  0.0053
7009  0.0073
7010  0.0043
7011  0.0059
7012  0.0048
7013  0.0041
7014  0.0049
7015  0.0052
7016  0.0045
7017  0.0054
7018  0.0049
7019  0.0051
7020  0.0055
7021  0.0043
7022  0.0047
7023  0.0056
7024  0.0044
7025  0.0047
7026  0.0051
7027  0.0048
7028  0.0045
7029  0.0043
7030  0.0035
7031  0.0042
7032  0.0044
7033  0.0032
7034  0.0041
7035  0.003
7036  0.0043
7037  0.0037
7038  0.0037
7039  0.0036
7040  0.0036
7041  0.0041
7042  0.0035
7043  0.0035
7044  0.003
7045  0.0038
7046  0.0037
7047  0.0027
7048  0.0026
7049  0.0023
7050  0.0028
7051  0.0032
7052  0.0021
7053  0.0027
7054  0.0024
7055  0.002
7056  0.0021
7057  0.0026
7058  0.0021
7059  0.0024
7060  0.0016
7061  0.0017
7062  0.0025
7063  0.0013
7064  0.0019
7065  0.0024
7066  0.0016
7067  0.0013
7068  0.0018
7069  0.0023
7070  0.0011
7071  0.0023
7072  0.0009
7073  0.0018
7074  0.0011
7075  0.0013
7076  0.0011
7077  0.0009
7078  0.0016
7079  0.0011
7080  0.0009
7081  0.0009
7082  0.0018
7083  0.0011
7084  0.0008
7085  0.0013
7086  0.0015
7087  0.0011
7088  0.0002
7089  0.0003
7090  0.0008
7091  0.0007
7092  0.0003
7093  0.0005
7094  0.0008
7095  0.0004
7096  0.0008
7097  0.0008
7098  0.0007
7099  0.0004
7100  0.0004
7101  0.0008
7102  0.0004
7103  0.0003
7104  0.001
7105  0.0002
7106  0.0004
7107  0.0004
7108  0.0005
7109  0.0002
7110  0.0003
7112  0.0003
7113  0.0002
7114  0.0006
7115  0.0003
7116  0.0002
7117  0.0001
7118  0.0004
7119  0.0001
7120  0.0002
7121  0.0003
7122  0.0001
7123  0.0002
7124  0.0001
7125  0.0002
7126  0.0002
7127  0.0003
7128  0.0001
7129  0.0003
7130  0.0001
7131  0.0001
7133  0.0003
7134  0.0002
7138  0.0001
7139  0.0004
7140  0.0001
7141  0.0001
7149  0.0001
7150  0.0001
7152  0.0002
7154  0.0001
7157  0.0002
7159  0.0001
7170  0.0001
7171  0.0001
7210  0.0001
