1  0.3103
2  0.324
3  0.2174
4  0.2951
5  0.2387
6  0.1621
7  0.083
8  0.0344
9  0.0134
10  0.0066
11  0.0041
12  0.0028
13  0.0017
14  0.0017
15  0.0015
16  0.0018
17  0.0009
18  0.0004
19  0.0011
20  0.0008
21  0.0005
22  0.0006
23  0.0006
24  0.0007
25  0.0007
26  0.0005
27  0.0001
28  0.0003
29  0.0004
30  0.0003
31  0.0001
32  0.0003
33  0.0004
34  0.0001
35  0.0002
36  0.0004
37  0.0004
38  0.0003
39  0.0001
40  0.0004
41  0.0005
42  0.0004
43  0.0006
44  0.0004
45  0.0003
46  0.0003
47  0.0007
48  0.0005
49  0.0003
50  0.0006
51  0.0008
52  0.0004
53  0.0003
54  0.0005
55  0.0005
56  0.0007
57  0.0008
58  0.0008
59  0.0019
60  0.0017
61  0.0022
62  0.0017
63  0.0021
64  0.0025
65  0.0038
66  0.0051
67  0.0041
68  0.0064
69  0.0071
70  0.0107
71  0.0125
72  0.0183
73  0.0205
74  0.0246
75  0.0345
76  0.0366
77  0.0442
78  0.0502
79  0.0614
80  0.0624
81  0.0671
82  0.0708
83  0.0699
84  0.0715
85  0.059
86  0.056
87  0.0479
88  0.0386
89  0.0283
90  0.0229
91  0.0179
92  0.0116
93  0.0059
94  0.0038
95  0.0022
96  0.0009
97  0.0004
98  0.0007
99  0.0001
