1  0.8034
2  1.1715
3  0.1383
4  0.0785
5  0.046
6  0.0258
7  0.0166
8  0.0109
9  0.0077
10  0.0064
11  0.0045
12  0.0033
13  0.0029
14  0.0014
15  0.0015
16  0.0011
17  0.0011
18  0.0013
19  0.0017
20  0.0008
21  0.0002
22  0.0006
23  0.0005
24  0.0005
25  0.0003
26  0.0004
27  0.0003
28  0.0001
29  0.0001
30  0.0005
31  0.0002
32  0.0002
33  0.0002
34  0.0001
35  0.0001
36  0.0001
37  0.0001
40  0.0004
42  0.0001
43  0.0001
44  0.0001
45  0.0001
47  0.0001
48  0.0002
49  0.0001
50  0.0001
51  0.0008
52  0.0008
53  0.0011
54  0.0013
55  0.0016
56  0.0037
57  0.0043
58  0.0055
59  0.0077
60  0.0084
61  0.0129
62  0.0129
63  0.017
64  0.0224
65  0.0264
66  0.0286
67  0.0345
68  0.0355
69  0.0419
70  0.0447
71  0.0446
72  0.049
73  0.0519
74  0.0466
75  0.0473
76  0.0508
77  0.0447
78  0.046
79  0.0458
80  0.0397
81  0.0375
82  0.0311
83  0.0252
84  0.023
85  0.0193
86  0.0159
87  0.0124
88  0.0125
89  0.0089
90  0.0092
91  0.0068
92  0.0045
93  0.0042
94  0.0027
95  0.0014
96  0.0021
97  0.0009
98  0.0016
99  0.0005
100  0.0005
102  0.0001
103  0.0004
104  0.0001
105  0.0001
106  0.0002
107  0.0001
1895  0.0001
1923  0.0001
1924  0.0001
1925  0.0001
1929  0.0001
1930  0.0001
1933  0.0001
1934  0.0001
1936  0.0002
1937  0.0002
1938  0.0002
1939  0.0001
1940  0.0001
1941  0.0003
1942  0.0009
1943  0.0002
1944  0.0003
1945  0.0004
1946  0.0004
1947  0.0009
1948  0.0004
1949  0.0005
1950  0.0007
1951  0.0008
1952  0.0003
1953  0.0009
1954  0.0016
1955  0.0015
1956  0.0006
1957  0.0007
1958  0.0019
1959  0.0012
1960  0.0012
1961  0.0026
1962  0.0032
1963  0.0023
1964  0.0023
1965  0.0026
1966  0.0031
1967  0.0036
1968  0.0033
1969  0.0053
1970  0.0029
1971  0.0045
1972  0.0044
1973  0.004
1974  0.0058
1975  0.0061
1976  0.0055
1977  0.0072
1978  0.007
1979  0.0069
1980  0.0074
1981  0.0085
1982  0.0087
1983  0.0095
1984  0.0088
1985  0.0099
1986  0.0109
1987  0.011
1988  0.0134
1989  0.0133
1990  0.0114
1991  0.013
1992  0.0136
1993  0.0148
1994  0.0138
1995  0.0162
1996  0.0162
1997  0.018
1998  0.0157
1999  0.0172
2000  0.0166
2001  0.0179
2002  0.0179
2003  0.0181
2004  0.0181
2005  0.0177
2006  0.018
2007  0.0202
2008  0.0213
2009  0.0199
2010  0.0194
2011  0.0178
2012  0.0175
2013  0.0158
2014  0.0177
2015  0.0164
2016  0.018
2017  0.017
2018  0.0173
2019  0.0165
2020  0.0156
2021  0.0141
2022  0.0148
2023  0.014
2024  0.0154
2025  0.0132
2026  0.013
2027  0.0145
2028  0.0115
2029  0.0097
2030  0.0103
2031  0.0108
2032  0.0084
2033  0.0088
2034  0.0086
2035  0.0102
2036  0.0069
2037  0.0065
2038  0.0072
2039  0.007
2040  0.0067
2041  0.006
2042  0.0049
2043  0.0052
2044  0.0046
2045  0.0046
2046  0.0043
2047  0.0039
2048  0.0036
2049  0.0036
2050  0.0013
2051  0.0022
2052  0.0021
2053  0.0011
2054  0.0018
2055  0.0017
2056  0.0015
2057  0.0012
2058  0.0017
2059  0.0008
2060  0.0006
2061  0.0006
2062  0.0004
2063  0.0006
2064  0.0003
2065  0.0003
2066  0.0004
2067  0.0008
2068  0.0003
2069  0.0002
2071  0.0002
2072  0.0002
2073  0.0004
2074  0.0002
2075  0.0003
2076  0.0002
2077  0.0001
2078  0.0001
2079  0.0001
2080  0.0001
